2.49009 -2.40249 38.9035
2.49384 -2.38464 38.9044
2.5203 -2.38677 38.9019
2.49128 -2.38182 38.904
2.5047 -2.38981 38.9042
2.50306 -2.38073 38.9039
2.47845 -2.39534 38.9033
2.48459 -2.38221 38.9035
2.51289 -2.39092 38.9031
2.50029 -2.40203 38.9033
2.49851 -2.39962 38.9038
2.48444 -2.40299 38.9032
2.49596 -2.38323 38.9043
2.51014 -2.38861 38.9036
2.50134 -2.39615 38.904
2.49314 -2.37918 38.9038
2.4929 -2.39368 38.9045
2.49214 -2.39523 38.9044
2.50034 -2.36202 38.8998
2.50282 -2.38536 38.9043
2.50262 -2.38314 38.9042
2.47608 -2.39771 38.9029
2.51021 -2.39382 38.9033
2.4995 -2.39886 38.9039
2.51077 -2.37789 38.903
2.48862 -2.37208 38.9021
2.49185 -2.40345 38.9034
2.48001 -2.40033 38.9032
2.50254 -2.38945 38.9043
2.48486 -2.40709 38.9026
2.48289 -2.38783 38.9038
2.46439 -2.39986 38.9004
2.49463 -2.39794 38.9041
2.49888 -2.39651 38.9042
2.49381 -2.39057 38.9046
2.5091 -2.39493 38.9034
2.50623 -2.37709 38.9033
2.48378 -2.38519 38.9038
2.47807 -2.39524 38.9033
2.51617 -2.38148 38.9026
2.50805 -2.37709 38.9032
2.51298 -2.38534 38.9032
2.50695 -2.37787 38.9034
2.50594 -2.40376 38.9025
2.49877 -2.39935 38.9038
2.51113 -2.38476 38.9035
2.48312 -2.39133 38.9039
2.49936 -2.38723 38.9045
2.49749 -2.40813 38.9023
2.49523 -2.38808 38.9046
2.49828 -2.37781 38.9037
2.49556 -2.37257 38.9027
2.49779 -2.36356 38.9003
2.48502 -2.36887 38.9009
2.47774 -2.39634 38.9032
2.50099 -2.38292 38.9042
2.5095 -2.39783 38.903
2.47463 -2.38769 38.9026
2.48027 -2.37828 38.9024
2.49333 -2.40268 38.9035
2.48327 -2.38985 38.9039
2.50675 -2.38873 38.904
2.49715 -2.37605 38.9034
2.48547 -2.39689 38.904
2.49044 -2.40184 38.9036
2.50331 -2.37933 38.9038
2.49842 -2.38954 38.9045
2.48764 -2.4143 38.9009
2.50318 -2.39012 38.9043
2.51758 -2.38879 38.9024
2.49022 -2.38804 38.9044
2.49922 -2.39714 38.9041
2.51176 -2.39988 38.9023
2.50779 -2.38657 38.9039
2.5171 -2.38835 38.9025
2.49382 -2.37335 38.9028
2.48141 -2.40341 38.9029
2.50789 -2.37803 38.9033
2.49724 -2.38847 38.9045
2.4949 -2.38372 38.9043
2.47327 -2.39466 38.9025
2.49207 -2.3825 38.9041
2.50334 -2.37769 38.9036
2.50579 -2.38789 38.9041
2.48637 -2.40509 38.903
2.49846 -2.39898 38.9039
2.48855 -2.39194 38.9044
2.48784 -2.40826 38.9024
2.49593 -2.40235 38.9035
2.49273 -2.38147 38.9041
2.49832 -2.38674 38.9045
2.505 -2.36002 38.8991
2.49974 -2.3783 38.9038
2.50322 -2.37191 38.9026
2.47158 -2.39703 38.9021
2.50547 -2.3806 38.9038
2.49873 -2.36893 38.9019
2.5111 -2.38394 38.9034
0.000455204 -0.00118878 39.5659
2.47743 -2.40244 38.9026
2.49514 -2.38278 38.9043
2.52288 -2.39277 38.9009
2.47421 -2.39313 38.9027
2.4972 -2.38527 38.9044
2.51313 -2.37227 38.9019
2.50312 -2.38922 38.9043
2.49244 -2.38739 38.9045
2.49333 -2.36483 38.9005
2.4839 -2.37862 38.903
0.00116133 0.00191549 39.0087
2.48408 -2.41038 38.9018
2.48848 -2.39741 38.9041
2.50288 -2.39389 38.9041
2.49974 -2.37708 38.9036
2.48414 -2.40513 38.9029
2.51144 -2.39855 38.9026
2.52174 -2.38234 38.9015
2.48653 -2.3843 38.904
2.4909 -2.36748 38.9011
2.49328 -2.37472 38.9031
2.49982 -2.38973 38.9045
2.49408 -2.38084 38.904
2.49226 -2.38901 38.9045
2.51895 -2.3781 38.9018
2.46588 -2.39284 38.9009
2.48771 -2.37943 38.9035
2.49873 -2.37937 38.9039
2.48858 -2.37962 38.9036
2.50897 -2.37486 38.9028
2.49478 -2.39874 38.9041
2.49775 -2.36301 38.9001
2.50217 -2.39263 38.9043
2.50499 -2.36627 38.9011
2.49896 -2.36831 38.9017
2.49959 -2.38817 38.9045
2.50669 -2.40424 38.9023
2.49241 -2.39012 38.9045
2.51577 -2.39454 38.9023
2.46405 -2.40409 38.8999
2.49879 -2.39533 38.9043
2.49966 -2.37642 38.9035
2.49257 -2.39716 38.9042
2.49831 -2.38365 38.9043
2.49469 -2.4024 38.9035
2.50262 -2.39808 38.9037
2.47008 -2.39108 38.9018
2.49843 -2.3766 38.9035
2.47502 -2.38946 38.9028
-0.00027622 0.00224366 38.9992
2.49302 -2.38555 38.9044
2.49541 -2.39403 38.9044
2.48487 -2.39152 38.9041
2.48498 -2.39411 38.9041
2.50863 -2.39026 38.9038
2.49368 -2.38817 38.9045
2.51678 -2.37332 38.9015
2.49277 -2.4028 38.9035
2.4834 -2.40283 38.9032
2.50823 -2.37722 38.9032
2.50283 -2.40121 38.9033
2.48237 -2.37309 38.9016
2.49084 -2.37521 38.903
2.48744 -2.38683 38.9042
2.48866 -2.38409 38.9041
2.49583 -2.38156 38.9042
2.49582 -2.3975 38.9042
2.49967 -2.37959 38.9039
2.48825 -2.3818 38.9038
2.50174 -2.37459 38.9031
2.51025 -2.41025 38.9002
2.48439 -2.39376 38.904
2.48326 -2.39684 38.9038
2.51426 -2.36811 38.9008
2.49137 -2.38621 38.9044
2.47866 -2.40552 38.9023
2.49858 -2.3768 38.9035
2.50301 -2.39037 38.9043
2.50219 -2.39834 38.9037
2.49199 -2.38309 38.9042
2.49513 -2.3806 38.904
0.000279424 -0.000410957 40.3897
2.49919 -2.39043 38.9045
2.49867 -2.38574 38.9044
2.49614 -2.38081 38.9041
-0.00020966 8.58522e-05 40.9938
6.09777e-05 5.71244e-05 41.6608
1.8268e-05 -0.000139079 41.328
4.00085e-05 -0.000137902 41.3123
-0.000112486 1.31498e-05 41.4689
1.7327e-05 0.000258837 40.8944
0 0 45.0381
2.50016 -2.38744 38.9045
2.49757 -2.39045 38.9045
0 0 45.0381
-0.000727104 -6.76602e-05 40.0657
0.000867352 -0.00140196 39.3189
0.00163357 -0.0006594 39.2527
-0.000357373 -0.00186308 39.1819
0 0 45.0381
4.72198e-10 -5.87485e-10 44.6787
2.57099e-09 -1.40436e-09 44.568
-1.72314e-09 1.89145e-09 44.5804
1.21167e-09 -7.16731e-10 44.6314
0 0 45.0381
2.49466 -2.39013 38.9046
0.000669125 -0.000793509 39.754
8.23755e-05 0.000996878 39.785
-0.000278278 0.00129139 39.5273
-0.000459265 0.000414752 40.2065
-0.000468407 -0.000245627 40.3386
-0.00163289 -0.000662297 39.2533
-0.00100111 0.0010301 39.4484
0.000202566 0.000424018 40.4339
0.000450087 0.000399345 40.2298
-0.000441455 -0.00086688 39.8133
0.00132023 -0.00108422 39.2835
-0.00149648 -0.000682321 39.3207
-0.00183181 6.49479e-05 39.2133
3.51771e-05 0.000573434 40.2685
2.49545 -2.3909 38.9046
-0.00136696 0.00149997 39.1096
2.49637 -2.39075 38.9046
-0.00054501 -0.000485235 40.0669
-0.000361077 0.000892984 39.8194
-0.000581171 -0.00134907 39.4307
-0.000294125 0.000342115 40.4672
0.00202843 0.00113335 38.9724
-0.00117543 -0.000423043 39.5828
0.00182576 -0.000809269 39.1285
-0.00126604 0.000882872 39.3797
0.000500637 0.000535735 40.0608
-0.000141238 -0.000595038 40.2179
0.000549062 -0.000872731 39.7602
-0.00121437 0.000549891 39.5202
-0.00113544 -0.00158937 39.1526
-0.00206856 -0.000522183 39.0626
-0.000502792 0.00186377 39.1588
-0.000451103 -0.000219486 40.382
0.000382601 0.00109438 39.6495
0.000392764 0.00125936 39.5285
0.00130148 0.000695039 39.4227
0.000379798 0.000166774 40.5344
-0.000505452 -0.00178856 39.2021
8.36477e-05 0.0012781 39.5564
2.49651 -2.38975 38.9046
-0.00200908 0.000738099 39.0574
-0.00205365 0.000270989 39.0911
0.000463628 -0.000289352 40.3112
0.00114078 -0.000849181 39.4603
-0.00138817 0.000515327 39.4203
0.000703324 -0.00196973 39.0843
-0.00104869 2.76725e-05 39.7435
0.00206026 -3.36428e-05 39.0959
-0.00129685 0.000935413 39.3455
0.000428319 0.000853314 39.8272
-0.00123852 -0.000318809 39.5607
-0.00184582 0.00151948 38.9435
-0.000885952 -0.00106103 39.4883
-0.00115881 0.000176147 39.6413
0.000531667 -0.00135628 39.4383
2.49785 -2.38938 38.9045
0.00200534 0.000113752 39.1213
0.000380257 0.00087749 39.8257
0.000169441 0.000874379 39.8895
0.000278676 0.000657806 40.0832
0.000357018 -0.00134705 39.4807
0.000200476 0.00176341 39.2419
0.00134529 -0.000193846 39.5023
-8.82588e-05 0.000878517 39.8973
-0.00101314 -0.000592612 39.6411
-0.00019171 -0.000548174 40.2613
-0.00035044 -0.000929499 39.7944
-0.000299296 0.000224312 40.6162
0.000421828 -0.00102644 39.6932
-0.000953897 -0.0013749 39.3048
-0.000925334 0.000836927 39.5819
-0.000991662 -0.00112337 39.4113
-0.00129454 0.00101913 39.3163
-0.000152932 0.00117641 39.6282
0.000848812 0.000438204 39.8272
0.00124852 -0.000652981 39.4689
-0.00040431 0.0013349 39.4758
0.000207362 -0.00017186 40.8672
0.000940905 1.12848e-05 39.8414
-0.000990765 0.000277852 39.7607
-0.000812105 0.00064858 39.751
-0.000805641 -0.00180828 39.1395
-0.000362906 0.000504395 40.2028
-0.00146168 -0.000353016 39.4069
-0.000383972 0.00147066 39.3934
-0.000882454 2.22932e-05 39.8991
-0.00125575 -0.00138457 39.1961
-0.000120167 0.00205185 39.0957
0.000467945 0.00197857 39.1065
0.000729844 -0.000303554 39.9966
0.00171985 -0.000105807 39.2735
-0.000757356 -0.000522398 39.863
0.00187609 0.00026315 39.1794
0.000574565 0.000506997 40.0225
0.00110542 0.000280094 39.6658
0.000994284 -8.01641e-05 39.7889
0.00152661 0.00138063 39.0949
0.000522949 -0.000103027 40.3316
-0.00040139 0.000712503 39.9656
0.000610789 -9.70286e-05 40.2074
0.000780013 0.000684886 39.7516
0.000703304 0.000424105 39.9619
8.76678e-05 0.000187051 41.0598
-0.000168666 -6.47243e-05 41.1549
-0.00157167 0.00170951 38.9729
-0.00128096 -0.000621883 39.4594
0.00214434 -0.000172235 39.0527
2.49639 -2.3889 38.9046
0.00094534 0.000434007 39.75
-0.00034426 0.000684765 40.0224
-0.00160892 -0.000970276 39.1904
-0.000410484 0.00177889 39.2142
0.000485235 0.000661862 39.9622
-0.00061051 0.00109159 39.5792
-6.63782e-05 0.000606534 40.2179
2.49458 -2.38871 38.9046
-0.000188141 0.000648034 40.1324
2.4956 -2.38959 38.9046
-2.39591e-06 0.00194922 39.1488
-2.30667e-05 5.24051e-05 41.8865
0.00167839 -0.000596813 39.2416
-0.00131582 -0.000727144 39.4076
-0.000932369 0.000630289 39.6781
0.000462241 -0.000888953 39.7863
0.000326453 0.000206644 40.5905
-0.00179249 0.00101106 39.0964
-7.63691e-05 -2.20293e-05 41.6916
-0.00098689 0.00116688 39.3888
-0.0011697 -0.00119602 39.3048
0.00116002 -0.00146726 39.1949
-6.15733e-05 -0.00164493 39.321
0.000917657 -0.000483526 39.754
0.000708799 0.000514619 39.9047
2.49648 -2.38924 38.9046
4.12435e-05 0.00110383 39.6942
0.00205813 0.000835971 39.0187
-6.07017e-05 0.000994044 39.789
0.00112123 -8.87448e-05 39.6791
4.22084e-05 0.000846591 39.9336
0.00101848 -0.00122792 39.3505
-0.000217844 0.00146066 39.421
-0.000948002 2.78889e-05 39.8349
-0.00194166 0.000674476 39.0982
-0.00102374 0.000642363 39.612
0.00139627 -0.000661771 39.3804
-0.000414892 0.000134131 40.4949
0.00144678 0.000363358 39.4127
0.000845372 -0.00202444 39.0361
2.49477 -2.38976 38.9046
0.000379871 0.000791643 39.9022
-0.00130024 0.000204914 39.5327
0.00028192 -0.00068939 40.0492
-0.00136835 -0.00191284 38.9656
0.000294435 -0.00071039 40.0214
0.000165294 0.000856444 39.9081
0.000230573 -0.000906213 39.8487
0.000872597 0.0012905 39.3696
0.000341616 -0.000848769 39.8681
-0.000602816 0.00084011 39.7553
0.00134159 -0.000895611 39.3392
0.000988837 -0.00175084 39.1234
0.00151148 0.000433126 39.3618
0.000973696 0.000204302 39.7908
-0.000940848 0.00068088 39.6489
2.49633 -2.38764 38.9045
0.000168979 0.000206519 40.8735
0.000750912 0.00076802 39.7202
0.00135272 0.000186957 39.4972
0.000531741 -0.000460512 40.0982
-0.000429402 -0.000281383 40.3631
0.000657645 -0.000600064 39.892
0.000814604 -0.000664473 39.7421
2.49469 -2.38937 38.9046
0.000873272 0.00010041 39.9022
-0.000476295 -0.0016368 39.287
-0.00063485 -0.000335151 40.0809
-0.000453277 -0.000422669 40.2065
0.00125281 -0.00138265 39.1972
-0.000573795 -2.14331e-05 40.2701
0.000142094 -0.000656966 40.1377
7.84871e-05 -0.000553282 40.2933
0.000261105 -7.17163e-05 40.863
0.000506727 0.00108705 39.618
0.00103413 3.21917e-05 39.7555
0.000738217 0.000445674 39.9187
-0.00146604 0.000375307 39.3996
0.000149606 -0.00120977 39.6066
-0.00135285 -5.59746e-06 39.5072
0.00047305 0.000171192 40.3787
-0.000502388 1.87942e-05 40.3799
-0.00106157 0.000358917 39.6825
2.49362 -2.38946 38.9046
-0.000254438 0.000676187 40.0737
2.49378 -2.39032 38.9046
0.000529801 -0.000192337 40.2854
-0.000508001 -0.00113749 39.5863
2.49865 -2.38872 38.9045
2.49439 -2.38978 38.9046
-0.00122823 -0.000712677 39.4622
2.49498 -2.38873 38.9046
-0.000353774 0.00178893 39.2153
-0.00115854 -0.00142392 39.214
-0.00113427 -0.00104331 39.3842
-0.00056463 0.00034658 40.1487
-0.000128364 -0.00145401 39.4368
0.00100935 -0.000902034 39.5073
2.49601 -2.38928 38.9046
0.000282471 0.000670193 40.0677
-3.35709e-05 0.0018865 39.1813
0.0011692 -4.06738e-05 39.6426
-0.002175 -0.000673863 38.9969
-0.00105329 -0.00206604 38.9802
0.000755175 -0.002376 38.906
0.00094698 0.000328852 39.7838
-0.000837787 -6.16446e-06 39.9455
0.000122034 0.00063319 40.171
2.49481 -2.39006 38.9046
6.71343e-05 0.00134674 39.5078
0.000916606 0.000983771 39.5108
-0.00195295 -0.000506943 39.1187
0.00095681 -6.2146e-05 39.8246
0.00147067 0.000114074 39.4238
-0.000455985 -0.00110916 39.6218
0.000175749 0.000896283 39.867
-0.000808281 -1.78451e-05 39.9769
2.4948 -2.39091 38.9046
0.00078366 -0.000130225 39.9919
0.00108704 -0.000185835 39.6974
-0.00118423 0.000483062 39.5593
4.97799e-05 0.00159971 39.3432
2.49704 -2.38905 38.9046
2.49521 -2.39128 38.9046
0.00147827 -0.000746143 39.3134
0.00110565 -0.000122507 39.6893
-0.000803218 -0.00137562 39.3527
-0.00186859 0.000774033 39.1142
0.0010238 -0.000310904 39.7254
-0.00173132 2.78838e-05 39.2694
0.000673855 0.000787889 39.7526
-0.000865178 -0.000910469 39.5784
-0.00175581 -0.000556177 39.2095
-2.34543e-05 -0.00213179 39.0654
0.000388947 -0.000164151 40.5209
-0.000596358 -0.000161606 40.2087
0.000872485 0.000432021 39.8101
0.00134231 0.00100571 39.2982
-0.0015667 -0.00100463 39.1998
2.49548 -2.3912 38.9046
-0.000746383 0.000701003 39.7645
2.49448 -2.38963 38.9046
0.000610223 0.000296769 40.1279
-0.00219391 0.000713002 38.9814
-0.000699646 -0.00189015 39.1217
-0.00124219 0.000107938 39.5838
-0.000131605 0.00132536 39.5195
0.000293868 -0.000659829 40.0757
2.49436 -2.38862 38.9046
-0.000129977 -0.000677668 40.1153
-0.000839759 -0.00108113 39.4975
0.00012673 0.000875223 39.8958
0.000459099 0.00107043 39.6452
0.00152223 -0.000713299 39.2986
0.000244346 -0.000179218 40.7787
-0.000400694 0.000528447 40.1475
-0.000314871 0.00140149 39.4477
0.00195913 -8.5785e-05 39.1456
0.000247261 -5.93263e-05 40.9095
0.000757834 -0.00023209 39.9941
0.000278834 -0.000330415 40.5022
0.00128351 0.00193222 38.9731
-0.00153955 0.00111781 39.1747
-0.00233485 -0.000453581 38.952
-0.000427472 -0.000364133 40.2891
-0.00080082 0.00117641 39.4571
-0.00131429 -0.00105769 39.2965
0.000859137 0.00030431 39.8696
0.000205596 -6.17e-05 41.0327
-0.00163996 0.000234507 39.3123
-0.00014478 -0.000502563 40.3481
7.8159e-05 -0.00118607 39.63
-0.000501774 0.000427422 40.1529
-7.75148e-05 0.000192123 41.0578
0.000517227 0.00111468 39.5953
-0.000942938 0.000310574 39.7932
0.000325547 -0.000921102 39.8093
-0.00120477 0.00147673 39.1723
0.000605759 -0.00216152 39.0131
0.000963651 9.4888e-05 39.8155
-0.00139691 0.000795679 39.3405
-0.000394823 -0.00102089 39.7061
2.49365 -2.39079 38.9046
-0.00184893 -0.00111605 39.0512
-0.00209008 0.00064542 39.0355
-0.00135264 -0.0013859 39.1609
-0.000603951 0.000142352 40.2047
0.0020853 -0.00026666 39.0761
-0.000601489 9.95218e-06 40.231
0.000798377 -0.000837798 39.654
-0.00131971 -0.000803407 39.3814
-0.00176592 0.000906467 39.1328
2.49431 -2.39001 38.9046
-0.000660862 0.00109639 39.5573
-0.00157648 0.000933316 39.2124
-0.000821063 -0.000282523 39.9142
-0.00118201 0.00121565 39.2879
-0.000206621 0.00118096 39.6184
0.000949374 -0.000516638 39.7165
-0.00111211 0.000212678 39.6732
2.49566 -2.38899 38.9046
2.49161 -2.38988 38.9045
0.00176781 -0.000103105 39.2467
0.00108127 0.00146459 39.2171
2.49629 -2.38967 38.9046
1.46919e-06 -0.00154124 39.3846
-0.000356222 0.000104621 40.6222
-0.00102589 0.000567025 39.6406
-0.00129176 -0.00125031 39.2344
0.000146784 -2.42505e-05 41.2882
2.49431 -2.38818 38.9045
-0.000767636 0.00147033 39.3089
-0.0003467 0.000214778 40.5481
0.00060746 0.000940881 39.6816
0.000472139 6.85777e-05 40.4221
0.00100375 -0.00010069 39.7787
-0.000736641 0.000436416 39.9255
2.49625 -2.38877 38.9046
-0.00160661 0.000731183 39.2494
-0.000139569 -3.58826e-05 41.3098
0.00083015 -0.00137185 39.3458
0.00107436 0.000864793 39.4868
-0.000489213 -0.00033405 40.2444
6.45287e-05 0.000617013 40.2038
-0.000890576 0.000291281 39.8454
2.49552 -2.38898 38.9046
-0.000331262 -0.00042869 40.3189
0.00046379 0.0015907 39.3094
-0.000744604 0.000433264 39.9201
0.000684037 0.00122924 39.4676
-0.000317502 -0.000969302 39.7705
-0.00118329 -0.000152564 39.6253
3.62225e-05 0.000592034 40.2417
-0.000286187 6.20494e-05 40.8044
-0.00157391 0.00155905 39.0211
2.49387 -2.39022 38.9046
2.57274e-05 -0.000608725 40.221
-0.00170355 -0.00150569 38.9996
2.74655e-05 -0.000525873 40.3424
0.00078742 -0.000476448 39.8621
-0.000177247 -0.000299921 40.6722
-0.000276165 -0.00200466 39.1177
-0.00040601 -0.00166553 39.2815
-0.000331045 -0.000114744 40.6676
2.49521 -2.38965 38.9046
-0.00121432 -0.000642434 39.4936
0.000520136 0.000143795 40.321
2.49619 -2.3891 38.9046
-0.00113547 -0.00185304 39.0458
2.49541 -2.38836 38.9046
-0.000414031 7.12407e-05 40.5248
0.000583004 -0.0016264 39.2735
0.000740021 -9.88895e-05 40.0461
0.000627392 0.000795204 39.7737
-0.000322594 -0.00135699 39.48
0.00136351 -0.000736279 39.3778
2.4961 -2.38851 38.9046
0.000350881 -8.97355e-05 40.6416
2.49356 -2.39065 38.9046
-0.00126944 -0.000213754 39.5543
0.000784361 0.000449215 39.8768
0.00127253 0.00153874 39.1251
-0.000885454 0.00137866 39.321
0.000785984 -7.1017e-05 39.9976
0.000916973 0.000197339 39.844
0.00126342 0.000422697 39.5203
0.0010597 -0.00123043 39.3333
-0.00170308 0.00155337 38.9808
2.49671 -2.39058 38.9046
0.000268752 4.96378e-05 40.8559
0.00162463 0.00100377 39.1703
-1.49374e-05 -0.00068679 40.1191
-0.00117827 -0.000426596 39.5799
-0.00134858 0.000890089 39.3354
-0.000752372 0.00104316 39.5531
0.00234194 -5.38511e-06 38.9661
0.000504531 0.000871593 39.7789
0.00221853 -0.000332973 39.0105
0.000680434 -0.00117704 39.5037
0.00126622 -9.50157e-05 39.5663
2.49564 -2.38919 38.9046
-0.000568986 -0.000490764 40.0416
0.00161361 -0.000954268 39.1918
0.000582383 -0.000615781 39.9357
-0.000162018 -0.000596456 40.209
-0.00215641 -0.000823604 38.9832
0.00171795 0.000630406 39.2131
-0.000249652 -0.00055075 40.2274
-0.000593 0.000696253 39.8664
-0.000361306 0.00108593 39.6617
0.00158639 -0.000974294 39.1987
2.4948 -2.38691 38.9045
-0.00207582 -0.000917631 39.0005
0.00106905 0.0019784 39.0047
2.49529 -2.38943 38.9046
0.000968871 -0.00146046 39.2592
2.49428 -2.39115 38.9046
0.00115851 0.000252412 39.6298
0.00044696 0.000309012 40.315
-4.09258e-05 0.000621799 40.2001
-6.60938e-05 -0.00115683 39.6537
-0.000653254 -0.00111682 39.5508
0.0010163 1.85413e-06 39.7718
0.000213307 -0.000927027 39.8333
-0.000247958 0.000157892 40.8013
0.000946302 0.000793999 39.5908
-0.000320599 -0.000154903 40.6552
3.17112e-05 -0.000483048 40.4113
5.44206e-05 0.000286705 40.8065
-0.000434277 0.000432181 40.2149
2.76907e-05 0.000750483 40.0399
0.00119266 0.000735412 39.472
0.000562732 -0.000498947 40.0404
0.000133848 0.00176843 39.2427
-0.00155797 0.000200542 39.3639
0.00142869 0.000413592 39.4154
-0.000290595 0.00102064 39.7312
-0.000495484 -0.00226593 38.9802
-0.000783541 -0.000314766 39.939
0.000611192 0.000601153 39.9237
-0.000343749 0.00112177 39.6386
2.49615 -2.38916 38.9046
2.49342 -2.38979 38.9046
0.00137654 0.000375067 39.4553
0.0010814 0.00151249 39.1962
-0.000664162 0.000258861 40.0861
-0.00107015 0.00144242 39.231
-0.00100141 0.00145235 39.2486
0.000733277 -0.00201998 39.057
0.00199726 0.000379102 39.1088
-0.000993631 0.00193471 39.0391
-0.000211054 -7.20744e-05 41.0054
0.000689122 0.00103688 39.5832
-0.0014772 0.000353066 39.3962
0.000188943 0.000566339 40.2362
0.00160639 0.000484182 39.2987
0.000436973 0.000644066 40.0088
0.00186623 -0.000900981 39.0916
-0.000128574 -0.00163493 39.3246
-9.53656e-05 -0.00132279 39.5277
0.000971487 -0.000879688 39.5379
0.00184288 0.000630879 39.1512
0.000982436 0.00022432 39.7792
-0.00167884 -0.000681423 39.2259
2.4949 -2.38788 38.9045
2.49615 -2.39048 38.9046
2.49585 -2.38846 38.9046
2.49387 -2.38928 38.9046
-0.000318838 0.00155772 39.3497
0.000764263 0.000573275 39.8269
-0.000101733 0.00184436 39.2024
-0.00114035 0.000549236 39.569
0.000164245 -0.00105394 39.7296
-0.000643441 2.34763e-05 40.1735
2.49257 -2.38922 38.9045
-0.00198238 0.000754947 39.0664
-0.00155467 0.000687762 39.2863
-0.00158348 -0.00020673 39.3486
-4.88361e-05 0.000531907 40.3291
0.000291251 0.000827605 39.9029
0.000203154 -0.000199941 40.8248
2.49334 -2.39063 38.9046
4.82546e-05 -0.00132668 39.5267
0.0017145 -0.000601932 39.222
-0.000492611 -0.000139585 40.3651
-0.000846817 -0.000122382 39.9271
2.49558 -2.39057 38.9046
-0.00148373 0.00101753 39.2301
0.0013577 -0.00197167 38.947
0.000690735 -0.00117011 39.5043
0.000170079 0.000345861 40.5923
0.000148376 0.000690978 40.0925
0.000881776 -0.00169187 39.1757
2.49413 -2.3896 38.9046
0.00108045 0.000204632 39.6995
2.49419 -2.39105 38.9046
-0.00103123 0.000124888 39.7524
0.000476942 -0.0017889 39.2057
0.000449551 -0.000367761 40.2606
-0.00153784 -0.000204848 39.3766
2.49516 -2.38846 38.9046
0.000183039 -0.000187166 40.8882
0.000380987 -0.00208209 39.0725
0.000404043 0.000175354 40.4865
0.000936897 0.00142891 39.2795
0.00186527 -0.00136848 38.9809
-0.00097905 -0.000159514 39.7947
0.00123772 0.000356912 39.5521
-0.000195701 -0.000534194 40.2784
0.000110172 0.00106702 39.7212
-0.0007026 -0.00119977 39.4829
0.00135391 0.000693242 39.3934
-0.000785632 0.00178774 39.1475
-0.000259923 -0.000529841 40.2478
0.000988286 -0.00130623 39.325
0.00091935 -0.000148985 39.8509
0.000465879 0.00100391 39.6925
2.49392 -2.39096 38.9046
0.00237432 0.00026625 38.9452
2.4958 -2.38996 38.9046
0.00192541 0.00114003 39.0108
0.00102455 0.000751338 39.5645
-0.00109776 0.00149821 39.1978
-0.00123994 -0.000428071 39.537
0.000710471 0.00142358 39.349
0.000336592 -0.00113412 39.6343
-0.00102727 -0.00160461 39.1774
0.0014783 -0.000559039 39.3584
0.000295174 -0.000936413 39.8048
-0.00133812 0.00101618 39.2972
-0.000213916 4.88313e-05 41.017
0.00129753 -0.00135014 39.1936
0.00109436 -0.000525227 39.6091
0.000667511 -0.000840554 39.7234
0.00071501 -0.000497304 39.9114
-0.000499418 0.00130049 39.4771
0.000569868 0.000153637 40.2463
-0.00219994 -0.000967277 38.9422
2.49692 -2.38912 38.9046
0.000290888 0.000616009 40.1241
2.49709 -2.38766 38.9045
-0.000685418 0.000508903 39.928
0.0016045 0.000663023 39.2649
0.000505912 -0.00141128 39.4109
4.53969e-05 -0.000156636 41.2258
0.00126069 -0.000379988 39.5326
0.000248616 -0.000865434 39.8824
-0.00116714 -0.00159486 39.1409
-0.00162757 0.00103693 39.1606
2.4953 -2.38954 38.9046
0.000161611 0.00097218 39.7985
0.000103257 -0.000660165 40.1427
-0.00183559 0.000225377 39.2042
-0.000284611 -0.00161867 39.3226
-0.00140735 -0.00128901 39.1753
0.00139619 0.000468728 39.4248
0.00150396 -0.00114573 39.1837
0.00134846 -0.00119237 39.2324
0.00141769 -8.2549e-05 39.4604
-0.000240615 0.000281404 40.624
-0.00158215 -0.00052784 39.3068
2.4953 -2.39057 38.9046
-0.00162867 0.000763784 39.2307
0.00108814 -0.000408038 39.6494
-0.00184944 -0.000337177 39.1889
-0.00118232 -2.27652e-05 39.6334
0.000536906 -0.000710058 39.8923
-0.000761065 0.000697353 39.7571
0.000498111 -0.000504252 40.0917
4.8122e-05 0.000304262 40.7656
-0.000115028 0.000108264 41.2474
0.000701941 -0.000368547 39.9941
0.00107306 -0.000366695 39.672
2.4949 -2.38885 38.9046
0.000944998 -0.000760991 39.61
-0.000294482 -3.65454e-05 40.7945
0.000588149 -0.000227511 40.1911
0.000364858 -0.000380501 40.3412
0.00077341 -0.00102227 39.559
-0.000108232 -0.000550327 40.2903
0.000579662 0.000683192 39.8844
7.30735e-05 0.000312125 40.7352
0.000700189 -0.000507445 39.9177
-0.00136273 -0.000643157 39.4053
-0.00061074 0.00160817 39.273
-0.000143041 0.000468485 40.4003
0.00203238 0.00130873 38.9317
0.000276791 -0.000816153 39.9214
5.84341e-05 -0.000297478 40.7786
-0.000932742 0.00138126 39.3044
0.000245977 -0.000646138 40.1134
0.00087149 0.000576658 39.7456
0.00029496 -0.000451261 40.3228
0.00083414 -7.1849e-05 39.9456
0.00224041 -0.000271182 39.0043
0.00197023 -0.00119122 38.9855
0.00108647 -0.000410555 39.65
2.49376 -2.39183 38.9045
0.000193007 0.000204616 40.8342
1.22547e-05 -0.000473619 40.4288
0.000168229 -0.000382778 40.529
0.000620621 0.00165645 39.2453
-0.00106751 -0.000652259 39.5818
0.00193109 0.00011949 39.1587
2.48774e-05 7.04629e-05 41.729
-0.000895017 0.000582805 39.7262
-0.000125848 -4.66235e-05 41.3575
-0.000208206 -0.000160573 40.8851
-0.00147409 0.0015391 39.0604
0.00129503 0.000495039 39.4824
-0.000738033 -0.00149032 39.311
-0.00141312 -0.00169641 39.0296
-0.00113617 0.000395313 39.6167
-0.000383214 0.000283924 40.4224
0.00170668 0.00146087 39.0063
-0.00148614 0.000281393 39.4003
0.000271365 -0.000358213 40.4712
2.49375 -2.38914 38.9046
-0.00184781 0.000162593 39.2014
-0.0013154 -0.00177345 39.0297
2.49778 -2.39077 38.9045
0.000970112 0.000377112 39.7495
0.000372927 0.00058093 40.1128
0.00104238 -0.00118974 39.3587
0.000497399 0.0001838 40.3354
0.000630291 0.000867853 39.7214
-0.000520323 -0.000343011 40.2017
-0.00100378 -0.000346926 39.7329
0.000306438 -0.00117812 39.6077
0.00221516 -0.000500313 38.9983
-0.000901203 -0.000149912 39.8687
2.49413 -2.39028 38.9046
0.000751608 -0.000980484 39.5935
0.00201537 7.11108e-06 39.1181
0.000180393 -0.000939405 39.8284
-0.00139778 0.00193724 38.9436
0.00116005 -0.000238505 39.6316
-0.00165379 -0.000216271 39.3064
0.000672799 0.00219897 38.9816
0.00192606 0.000750724 39.0915
0.00135816 -0.00110138 39.2607
0.00113376 -0.00216254 38.927
0.000327143 -0.000641115 40.0788
0.000811141 -0.000277035 39.9252
0.000427434 0.000798118 39.8749
-0.00146545 -0.000116099 39.4282
-0.00105064 -0.0010468 39.4211
-0.000941438 0.00207093 38.9932
-0.000256658 0.000417813 40.3995
0.000294448 0.000533667 40.2188
-0.00149166 0.000676199 39.3227
-0.000329368 -0.000748054 39.9683
1.68094e-06 0.000846871 39.9344
0.000264739 -0.00106466 39.7038
-0.0017116 -0.000411616 39.2538
-0.000291108 -0.000592653 40.1529
-0.000153185 0.00242933 38.9233
2.49363 -2.39156 38.9045
0.00140068 0.0016186 39.0551
0.00182519 0.000529701 39.1758
-0.00043371 -0.000950623 39.7485
-0.00111185 -0.00220707 38.9152
-0.00111871 0.00107456 39.3746
-0.00123883 0.000419535 39.5384
0.000296222 0.000724975 40.0033
0.000623516 0.00144005 39.3624
-0.000526324 -0.000608436 39.9821
0.000463095 0.000687423 39.9535
0.001151 0.00118314 39.3136
0.000636849 0.000703362 39.8329
4.71732e-05 -5.53344e-05 41.7456
0.000450386 -0.00122045 39.5455
-0.00176323 -0.00134036 39.026
1.31454e-05 -0.00102829 39.763
0.00165701 0.000143022 39.3077
-0.000767897 0.00186024 39.1173
0.00229882 -8.34905e-05 38.9845
-0.000384733 0.00182304 39.194
0.000856136 0.00030797 39.8711
2.49372 -2.39009 38.9046
0.000786953 0.0010238 39.5489
2.49568 -2.38949 38.9046
-0.000664487 -0.00232459 38.9378
0.00199712 -0.000561337 39.09
-0.00081939 0.000939051 39.5828
-0.000326602 0.000820529 39.8973
2.49698 -2.38837 38.9045
0.00107402 0.00146809 39.2179
-0.00101576 -0.00109492 39.4144
-0.00158698 0.000291666 39.3378
-0.000425333 -0.00177837 39.2182
0.00047921 -0.000513766 40.0994
1.05625e-05 -0.000684909 40.1216
0.00072844 0.00062599 39.8221
0.00216211 0.000745809 38.9891
0.00171002 -0.00103725 39.1274
-0.00131726 0.000935114 39.3356
-5.94306e-05 0.00177199 39.243
0.000129089 -0.00162695 39.3293
-0.000309701 -0.00123587 39.5654
-0.00094401 0.0014575 39.2641
0.000633578 -0.00168163 39.235
-0.00120336 -0.000365924 39.5764
-0.000388165 0.00167978 39.2707
