Iteration 0:
	29165 (26 25 12 5 15 41 1 50 18 17 14 2 39 37 34 4 22 46 7 28 30 6 29 20 49 51 16 44 48 33 35 31 40 32 8 21 43 19 27 11 47 0 45 42 24 13 10 3 36 38 9 23 )
Iteration 1000:
	13605 (32 42 39 21 22 6 1 41 16 2 44 18 8 9 11 10 50 26 51 12 13 46 27 25 28 29 49 19 15 47 45 24 3 5 23 38 37 36 33 35 4 14 34 43 48 0 17 31 7 40 30 20 )
Iteration 2000:
	13000 (42 9 48 21 20 1 6 41 16 2 44 18 8 32 50 10 11 27 12 51 13 46 26 25 28 29 22 49 19 30 17 39 37 47 45 24 3 5 23 38 36 33 35 4 14 34 15 43 0 31 7 40 )
Iteration 3000:
	12860 (42 18 48 21 20 6 1 41 16 2 44 9 8 32 50 10 11 27 51 12 13 46 26 25 28 29 22 49 19 30 17 39 38 47 45 24 3 5 23 37 36 33 35 4 14 34 15 43 0 31 7 40 )
Iteration 4000:
	12640 (42 18 48 21 20 6 1 41 16 2 44 9 8 32 50 10 11 27 12 51 13 46 26 25 28 29 22 30 19 49 15 47 4 45 24 3 5 23 14 37 36 33 38 39 35 34 43 0 17 31 7 40 )
Iteration 5000:
	12470 (8 9 48 21 20 6 1 41 16 2 44 18 42 32 50 10 11 27 12 51 13 46 26 25 28 29 22 30 19 49 15 47 4 45 24 3 5 23 14 37 36 33 38 39 35 34 43 0 17 31 7 40 )
Iteration 6000:
	12200 (8 9 48 17 20 6 1 41 16 2 44 18 42 32 50 10 11 27 12 51 13 46 25 26 28 29 30 21 22 19 49 15 33 23 47 45 24 3 5 37 38 36 39 14 4 35 34 43 0 31 7 40 )
Iteration 7000:
	12180 (8 9 48 21 20 6 1 41 16 2 44 18 42 32 50 10 11 27 12 51 13 46 26 25 28 29 17 30 22 19 49 15 43 47 23 45 24 3 5 37 35 33 34 38 4 14 39 36 0 31 7 40 )
Iteration 8000:
	12180 (8 9 48 17 20 6 1 41 16 2 44 18 42 32 50 10 11 27 12 51 13 46 25 26 28 29 30 21 22 19 49 15 43 47 23 45 24 3 5 37 35 33 34 38 4 14 39 36 0 31 7 40 )
Iteration 9000:
	12180 (8 9 48 21 20 6 1 41 16 2 44 18 42 32 50 10 11 27 12 51 13 46 26 25 28 29 17 30 22 19 49 15 43 47 23 45 24 3 5 37 35 33 34 38 4 14 39 36 0 31 7 40 )
Iteration 10000:
	12180 (8 9 48 0 20 6 1 41 16 2 44 18 42 32 50 10 11 27 12 51 13 46 26 25 28 29 30 17 21 22 19 49 15 43 47 23 45 24 3 5 37 35 33 34 38 4 14 39 36 31 7 40 )
Iteration 11000:
	12160 (42 44 48 21 20 6 1 41 16 2 40 9 8 32 50 10 11 27 12 51 13 46 26 25 28 29 30 17 22 19 49 15 33 24 47 45 23 3 5 14 4 37 39 38 36 35 34 43 0 31 18 7 )
Iteration 12000:
	12120 (8 9 48 31 20 6 1 41 16 2 44 18 42 32 50 10 11 27 46 13 51 12 26 25 28 29 30 17 22 19 49 15 43 47 23 45 24 3 5 37 35 33 34 38 14 4 39 36 0 21 7 40 )
Iteration 13000:
	12120 (8 9 48 31 20 6 1 41 16 2 44 18 42 32 50 10 11 27 46 13 51 12 26 25 28 29 30 17 22 19 49 15 43 47 23 45 24 3 5 37 35 33 34 38 14 4 39 36 0 21 7 40 )
Iteration 14000:
	12120 (8 9 48 31 20 6 1 41 16 2 44 18 42 32 50 10 11 27 46 13 51 12 26 25 28 29 30 17 22 19 49 15 43 47 23 45 24 3 5 37 35 33 34 38 14 4 39 36 0 21 7 40 )
Iteration 15000:
	12010 (8 9 48 21 20 6 1 41 16 2 44 18 42 32 50 10 11 27 26 51 13 12 46 25 28 29 17 30 22 19 49 15 43 47 23 45 24 3 5 37 35 33 34 38 4 14 39 36 0 31 7 40 )
Iteration 16000:
	12010 (8 9 48 21 20 6 1 41 16 2 44 18 42 32 50 10 11 27 26 51 13 12 46 25 28 29 17 30 22 19 49 15 43 47 23 45 24 3 5 37 35 33 34 38 4 14 39 36 0 31 7 40 )
Iteration 17000:
	12000 (8 9 48 21 20 6 1 41 16 2 44 18 42 32 50 10 11 27 26 51 13 12 46 25 28 29 17 30 22 19 49 15 47 4 45 24 3 5 23 37 14 36 39 38 33 35 34 43 0 31 7 40 )
Iteration 18000:
	12000 (8 9 48 21 20 6 1 41 16 2 44 18 42 32 50 10 11 27 26 51 13 12 46 25 28 29 17 30 22 19 49 15 47 4 45 24 3 5 23 37 14 36 39 38 35 33 34 43 0 31 7 40 )
Iteration 19000:
	11930 (8 9 48 21 20 6 1 41 16 2 44 18 42 32 50 10 11 27 26 51 13 12 46 25 28 29 17 30 22 19 49 15 45 4 47 24 3 23 5 14 37 39 43 38 36 35 34 33 0 31 7 40 )
Iteration 20000:
	11930 (8 9 48 21 20 6 1 41 16 2 44 18 42 32 50 10 11 27 26 51 13 12 46 25 28 29 17 30 22 19 49 15 45 4 47 24 3 23 5 14 37 39 43 38 36 35 34 33 0 31 7 40 )
Iteration 21000:
	11930 (8 9 48 21 20 41 1 6 16 2 44 18 42 32 50 10 11 27 26 51 13 12 46 25 28 29 17 30 22 19 49 15 45 4 47 24 3 23 5 14 37 39 43 38 36 35 34 33 0 31 7 40 )
Iteration 22000:
	11930 (8 9 48 21 20 41 1 6 16 2 44 18 42 32 50 10 11 27 26 51 13 12 46 25 28 29 17 30 22 19 49 15 45 3 24 47 5 4 23 14 37 36 34 38 39 35 33 43 0 31 7 40 )
Iteration 23000:
	11930 (8 9 48 21 20 6 1 41 16 2 44 18 42 32 50 10 11 27 26 51 13 12 46 25 28 29 17 30 22 19 49 15 45 3 24 47 5 4 23 14 37 36 34 38 39 35 33 43 0 31 7 40 )
Iteration 24000:
	11810 (8 9 7 21 20 6 1 41 16 2 44 18 42 32 50 10 11 26 12 51 13 46 27 25 28 29 17 30 22 19 49 15 43 45 47 24 3 5 23 37 4 14 39 36 38 35 34 33 0 31 48 40 )
Iteration 25000:
	11810 (8 9 7 21 20 6 1 41 16 2 44 18 42 32 50 10 11 26 12 51 13 46 27 25 28 29 17 30 22 19 49 15 43 45 47 24 3 5 23 37 4 14 39 36 38 35 34 33 0 31 48 40 )
Iteration 26000:
	11810 (8 9 7 21 20 6 1 41 16 2 44 18 42 32 50 10 11 26 12 51 13 46 27 25 28 29 17 30 22 19 49 15 43 45 47 24 3 5 23 37 4 14 39 36 38 35 34 33 0 31 48 40 )
Iteration 27000:
	11810 (8 9 7 21 20 6 1 41 16 2 44 18 42 32 50 10 11 26 12 51 13 46 27 25 28 29 17 30 22 19 49 15 43 45 47 24 3 5 23 37 4 14 39 36 38 35 34 33 0 31 48 40 )
Iteration 28000:
	11810 (8 9 7 21 20 6 1 41 16 2 44 18 42 32 50 10 11 26 12 51 13 46 27 25 28 29 17 30 22 19 49 15 43 45 47 24 3 5 23 37 4 14 39 36 38 35 34 33 0 31 48 40 )
Iteration 29000:
	11690 (8 9 48 21 20 6 1 41 16 2 44 18 42 32 50 10 11 27 26 51 13 12 46 25 28 29 17 30 22 19 49 15 45 3 24 47 23 4 5 14 37 36 39 38 34 35 33 43 0 31 7 40 )
Iteration 30000:
	11690 (8 9 48 21 20 41 1 6 16 2 44 18 42 32 50 10 11 27 26 51 13 12 46 25 28 29 17 30 22 19 49 15 45 3 24 47 23 4 5 14 37 36 39 38 34 35 33 43 0 31 7 40 )
Iteration 31000:
	11690 (8 9 48 21 20 41 1 6 16 2 44 18 42 32 50 10 11 27 26 51 13 12 46 25 28 29 17 30 22 19 49 15 45 3 24 47 23 4 5 14 37 36 39 38 34 35 33 43 0 31 7 40 )
Iteration 32000:
	11580 (8 9 48 21 20 6 1 41 16 2 18 44 42 32 50 10 11 27 26 51 12 13 46 25 28 29 17 30 22 19 49 15 45 3 24 47 23 4 5 14 37 36 39 38 34 35 33 43 0 31 7 40 )
Iteration 33000:
	11550 (8 9 48 21 20 6 1 41 16 2 18 44 42 32 50 10 11 27 26 51 12 13 46 25 28 29 17 30 22 19 49 15 45 3 24 47 23 4 5 14 37 36 39 38 35 34 33 43 0 31 7 40 )
Iteration 34000:
	11550 (8 9 48 21 20 6 1 41 16 2 18 44 42 32 50 10 11 27 26 51 12 13 46 25 28 29 17 30 22 19 49 15 45 3 24 47 23 4 5 14 37 36 39 38 35 34 33 43 0 31 7 40 )
Iteration 35000:
	11550 (8 9 48 21 20 6 1 41 16 2 18 44 42 32 50 10 11 27 26 51 12 13 46 25 28 29 17 30 22 19 49 15 45 3 24 47 23 4 5 14 37 36 39 38 35 34 33 43 0 31 7 40 )
Iteration 36000:
	11550 (8 9 48 21 20 6 1 41 16 2 18 44 42 32 50 10 11 27 26 51 12 13 46 25 28 29 17 30 22 19 49 15 45 3 24 47 23 4 5 14 37 36 39 38 35 34 33 43 0 31 7 40 )
Iteration 37000:
	11550 (8 9 48 17 20 6 1 41 16 2 18 44 42 32 50 10 11 27 26 51 12 13 46 25 28 29 30 21 22 19 49 15 45 3 24 47 23 4 5 14 37 36 39 38 35 34 33 43 0 31 7 40 )
Iteration 38000:
	11550 (8 9 48 17 20 6 1 41 16 2 18 44 42 32 50 10 11 27 26 51 12 13 46 25 28 29 30 21 22 19 49 15 45 3 24 47 23 4 5 14 37 36 39 38 35 34 33 43 0 31 7 40 )
Iteration 39000:
	11550 (8 9 48 21 20 6 1 41 16 2 18 44 42 32 50 10 11 27 26 51 12 13 46 25 28 29 17 30 22 19 49 15 45 3 24 47 23 4 5 14 37 36 39 38 35 34 33 43 0 31 7 40 )
Iteration 40000:
	11550 (8 9 48 17 20 6 1 41 16 2 18 44 42 32 50 10 11 27 26 51 12 13 46 25 28 29 30 21 22 19 49 15 45 3 24 47 23 4 5 14 37 36 39 38 35 34 33 43 0 31 7 40 )
Iteration 41000:
	11550 (8 9 48 21 20 6 1 41 16 2 18 44 42 32 50 10 11 27 26 51 12 13 46 25 28 29 17 30 22 19 49 15 45 3 24 47 23 4 5 14 37 36 39 38 35 34 33 43 0 31 7 40 )
Iteration 42000:
	11520 (8 9 48 17 20 6 1 41 16 2 18 44 42 32 50 10 11 27 26 51 12 13 46 25 28 29 30 21 22 19 49 15 45 47 24 3 23 4 5 14 37 36 39 38 35 34 33 43 0 31 40 7 )
Iteration 43000:
	11520 (8 9 48 21 20 1 6 41 16 2 18 44 42 32 50 10 11 27 26 51 12 13 46 25 28 29 17 30 22 19 49 15 45 47 24 3 23 4 5 14 37 36 39 38 35 34 33 43 0 31 40 7 )
Iteration 44000:
	11520 (8 9 48 17 20 6 1 41 16 2 18 44 42 32 50 10 11 27 26 51 12 13 46 25 28 29 30 21 22 19 49 15 45 47 24 3 23 4 5 14 37 36 39 38 35 34 33 43 0 31 40 7 )
Iteration 45000:
	11500 (8 9 48 21 20 41 1 6 16 2 44 18 42 32 50 10 11 27 26 12 13 51 25 46 28 29 17 30 22 19 49 15 45 47 24 3 23 4 5 14 37 36 39 38 35 34 33 43 0 31 40 7 )
Iteration 46000:
	11500 (8 9 48 21 20 41 1 6 16 2 44 18 42 32 50 10 11 27 26 12 13 51 25 46 28 29 17 30 22 19 49 15 45 47 24 3 23 4 5 14 37 36 39 38 35 34 33 43 0 31 40 7 )
Iteration 47000:
	11480 (8 9 48 21 20 41 1 6 16 2 44 18 42 32 50 10 11 27 26 12 13 51 25 46 28 29 17 30 22 19 49 15 45 24 3 47 23 4 5 14 37 36 39 38 35 34 33 43 0 31 40 7 )
Iteration 48000:
	11460 (8 9 48 21 20 6 1 41 16 2 18 40 42 32 50 10 11 27 26 12 51 13 46 25 28 29 30 17 22 19 49 15 45 3 24 47 23 4 5 14 37 36 39 38 35 34 33 43 0 31 44 7 )
Iteration 49000:
	11460 (8 9 48 21 20 6 1 41 16 2 18 40 42 32 50 10 11 27 26 12 51 13 46 25 28 29 30 17 22 19 49 15 45 3 24 47 23 4 5 14 37 36 39 38 35 34 33 43 0 31 44 7 )
Iteration 50000:
	11460 (8 9 48 21 20 6 1 41 16 2 18 40 42 32 50 10 11 27 26 12 51 13 46 25 28 29 30 17 22 19 49 15 45 3 24 47 23 4 5 14 37 36 39 38 35 34 33 43 0 31 44 7 )
Iteration 51000:
	11460 (8 9 48 21 20 6 1 41 16 2 18 40 42 32 50 10 11 27 26 12 51 13 46 25 28 29 30 17 22 19 49 15 45 3 24 47 23 4 5 14 37 36 39 38 35 34 33 43 0 31 44 7 )
Iteration 52000:
	11460 (8 9 48 21 20 6 1 41 16 2 18 40 42 32 50 10 11 27 26 12 51 13 46 25 28 29 30 17 22 19 49 15 45 3 24 47 23 4 5 14 37 36 39 38 35 34 33 43 0 31 44 7 )
Iteration 53000:
	11460 (8 9 48 21 20 6 1 41 16 2 18 40 42 32 50 10 11 27 26 12 51 13 46 25 28 29 30 17 22 19 49 15 45 3 24 47 23 4 5 14 37 36 39 38 35 34 33 43 0 31 44 7 )
Iteration 54000:
	11460 (8 9 48 21 20 6 1 41 16 2 18 40 42 32 50 10 11 27 26 12 51 13 46 25 28 29 30 17 22 19 49 15 45 3 24 47 23 4 5 14 37 36 39 38 35 34 33 43 0 31 44 7 )
Iteration 55000:
	11460 (8 9 48 21 20 6 1 41 16 2 18 40 42 32 50 10 11 27 26 12 51 13 46 25 28 29 30 17 22 19 49 15 45 3 24 47 23 4 5 14 37 36 39 38 35 34 33 43 0 31 44 7 )
Iteration 56000:
	11460 (8 9 48 21 20 6 1 41 16 2 18 40 42 32 50 10 11 27 26 12 51 13 46 25 28 29 30 17 22 19 49 15 45 3 24 47 23 4 5 14 37 36 39 38 35 34 33 43 0 31 44 7 )
Iteration 57000:
	11460 (8 9 48 21 20 6 1 41 16 2 18 40 42 32 50 10 11 27 26 12 51 13 46 25 28 29 30 17 22 19 49 15 45 3 24 47 23 4 5 14 37 36 39 38 35 34 33 43 0 31 44 7 )
Iteration 58000:
	11460 (8 9 48 21 20 6 1 41 16 2 18 40 42 32 50 10 11 27 26 12 51 13 46 25 28 29 30 17 22 19 49 15 45 3 24 47 23 4 5 14 37 36 39 38 35 34 33 43 0 31 44 7 )
Iteration 59000:
	11460 (8 9 48 21 20 6 1 41 16 2 18 40 42 32 50 10 11 27 26 12 51 13 46 25 28 29 30 17 22 19 49 15 45 3 24 47 23 4 5 14 37 36 39 38 35 34 33 43 0 31 44 7 )
Iteration 60000:
	11460 (8 9 48 21 20 6 1 41 16 2 18 40 42 32 50 10 11 27 26 12 51 13 46 25 28 29 30 17 22 19 49 15 45 3 24 47 23 4 5 14 37 36 39 38 35 34 33 43 0 31 44 7 )
Iteration 61000:
	11460 (8 9 48 21 20 6 1 41 16 2 18 40 42 32 50 10 11 27 26 12 51 13 46 25 28 29 30 17 22 19 49 15 45 3 24 47 23 4 5 14 37 36 39 38 35 34 33 43 0 31 44 7 )
Iteration 62000:
	11425 (8 9 40 7 16 6 1 41 20 2 18 44 42 32 50 10 11 27 26 51 12 13 46 25 28 29 21 17 30 22 19 49 15 43 45 47 24 3 5 23 37 4 14 39 36 38 35 34 33 0 31 48 )
Iteration 63000:
	11425 (8 9 40 7 16 6 1 41 20 2 18 44 42 32 50 10 11 27 26 51 12 13 46 25 28 29 21 17 30 22 19 49 15 43 45 47 24 3 5 23 37 4 14 39 36 38 35 34 33 0 31 48 )
Iteration 64000:
	11425 (8 9 40 7 16 6 1 41 20 2 18 44 42 32 50 10 11 27 26 51 12 13 46 25 28 29 21 17 30 22 19 49 15 43 45 47 24 3 5 23 37 4 14 39 36 38 35 34 33 0 31 48 )
Iteration 65000:
	11425 (8 9 40 7 16 6 1 41 20 2 18 44 42 32 50 10 11 27 26 51 12 13 46 25 28 29 21 17 30 22 19 49 15 43 45 47 24 3 5 23 37 4 14 39 36 38 35 34 33 0 31 48 )
Iteration 66000:
	11205 (8 9 7 40 16 6 1 41 20 2 18 44 42 32 50 10 11 27 26 12 51 13 46 25 28 29 21 17 30 22 19 49 15 43 45 47 24 3 5 23 37 4 14 39 36 38 35 34 33 0 31 48 )
Iteration 67000:
	11205 (8 9 7 40 16 6 1 41 20 2 18 44 42 32 50 10 11 27 26 12 51 13 46 25 28 29 21 17 30 22 19 49 15 43 45 47 24 3 5 23 37 4 14 39 36 38 35 34 33 0 31 48 )
Iteration 68000:
	11205 (8 9 7 40 20 6 1 41 16 2 18 44 42 32 50 10 11 27 26 12 51 13 46 25 28 29 21 17 30 22 19 49 15 43 45 47 24 3 5 23 37 4 14 39 36 38 35 34 33 0 31 48 )
Iteration 69000:
	11205 (8 9 7 40 16 6 1 41 20 2 18 44 42 32 50 10 11 27 26 12 51 13 46 25 28 29 21 17 30 22 19 49 15 43 45 47 24 3 5 23 37 4 14 39 36 38 35 34 33 0 31 48 )
Iteration 70000:
	11205 (8 9 7 40 20 6 1 41 16 2 18 44 42 32 50 10 11 27 26 12 51 13 46 25 28 29 21 17 30 22 19 49 15 43 45 47 24 3 5 23 37 4 14 39 36 38 35 34 33 0 31 48 )
Iteration 71000:
	11205 (8 9 7 40 16 6 1 41 20 2 18 44 42 32 50 10 11 27 26 12 51 13 46 25 28 29 21 17 30 22 19 49 15 43 45 47 24 3 5 23 37 4 14 39 36 38 35 34 33 0 31 48 )
Iteration 72000:
	11095 (8 9 7 40 16 6 1 41 20 2 18 44 42 32 50 10 11 27 26 12 51 13 46 25 28 29 30 17 21 22 19 49 15 43 45 47 24 3 5 39 37 4 14 23 36 38 35 34 33 0 31 48 )
Iteration 73000:
	11095 (8 9 7 40 16 6 1 41 20 2 18 44 42 32 50 10 11 27 26 12 51 13 46 25 28 29 30 17 21 22 19 49 15 43 45 47 24 3 5 39 37 4 14 23 36 38 35 34 33 0 31 48 )
Iteration 74000:
	11095 (8 9 7 40 20 6 1 41 16 2 18 44 42 32 50 10 11 27 26 12 51 13 46 25 28 29 30 17 21 22 19 49 15 43 45 47 24 3 5 39 37 4 14 23 36 38 35 34 33 0 31 48 )
Iteration 75000:
	11095 (8 9 7 40 20 6 1 41 16 2 18 44 42 32 50 10 11 27 26 12 51 13 46 25 28 29 30 17 21 22 19 49 15 43 45 47 24 3 5 39 37 4 14 23 36 38 35 34 33 0 31 48 )
Iteration 76000:
	11095 (8 9 7 40 20 6 1 41 16 2 18 44 42 32 50 10 11 27 26 12 51 13 46 25 28 29 30 17 21 22 19 49 15 43 45 47 24 3 5 39 37 4 14 23 36 38 35 34 33 0 31 48 )
Iteration 77000:
	11095 (8 9 7 40 16 6 1 41 20 2 18 44 42 32 50 10 11 27 26 12 51 13 46 25 28 29 30 17 21 22 19 49 15 43 45 47 24 3 5 39 37 4 14 23 36 38 35 34 33 0 31 48 )
Iteration 78000:
	11095 (8 9 7 40 20 6 1 41 16 2 18 44 42 32 50 10 11 27 26 12 51 13 46 25 28 29 30 17 21 22 19 49 15 43 45 47 24 3 5 39 37 4 14 23 36 38 35 34 33 0 31 48 )
Iteration 79000:
	11095 (8 9 7 40 16 1 6 41 20 2 18 44 42 32 50 10 11 27 26 12 51 13 46 25 28 29 30 17 21 22 19 49 15 43 45 47 24 3 5 39 37 4 14 23 36 38 35 34 33 0 31 48 )
Iteration 80000:
	11095 (8 9 7 40 16 6 1 41 20 2 18 44 42 32 50 10 11 27 26 12 51 13 46 25 28 29 30 17 21 22 19 49 15 43 45 47 24 3 5 39 37 4 14 23 36 38 35 34 33 0 31 48 )
Iteration 81000:
	11095 (8 9 7 40 20 6 1 41 16 2 18 44 42 32 50 10 11 27 26 12 51 13 46 25 28 29 30 17 21 22 19 49 15 43 45 47 24 3 5 39 37 4 14 23 36 38 35 34 33 0 31 48 )
Iteration 82000:
	11095 (8 9 7 40 16 1 6 41 20 2 18 44 42 32 50 10 11 27 26 12 51 13 46 25 28 29 30 17 21 22 19 49 15 43 45 47 24 3 5 39 37 4 14 23 36 38 35 34 33 0 31 48 )
Iteration 83000:
	11095 (8 9 7 40 16 6 1 41 20 2 18 44 42 32 50 10 11 27 26 12 51 13 46 25 28 29 30 17 21 22 19 49 15 43 45 47 24 3 5 39 37 4 14 23 36 38 35 34 33 0 31 48 )
Iteration 84000:
	11095 (8 9 7 40 16 1 6 41 20 2 18 44 42 32 50 10 11 27 26 12 51 13 46 25 28 29 30 17 21 22 19 49 15 43 45 47 24 3 5 39 37 4 14 23 36 38 35 34 33 0 31 48 )
Iteration 85000:
	11040 (9 8 7 40 16 41 1 6 20 2 44 18 42 32 50 10 11 27 26 12 51 13 46 25 28 29 30 17 21 22 19 49 15 43 45 47 24 3 5 39 37 4 14 23 36 38 35 34 33 0 31 48 )
Iteration 86000:
	11040 (9 8 7 40 16 41 1 6 20 2 44 18 42 32 50 10 11 27 26 12 51 13 46 25 28 29 30 17 21 22 19 49 15 43 45 47 24 3 5 39 37 4 14 23 36 38 35 34 33 0 31 48 )
Iteration 87000:
	11040 (9 8 7 40 16 41 1 6 20 2 44 18 42 32 50 10 11 27 26 12 51 13 46 25 28 29 30 17 21 22 19 49 15 43 45 47 24 3 5 39 37 4 14 23 36 38 35 34 33 0 31 48 )
Iteration 88000:
	11040 (9 8 7 40 16 41 1 6 20 2 44 18 42 32 50 10 11 27 26 12 51 13 46 25 28 29 30 17 21 22 19 49 15 43 45 47 24 3 5 39 37 4 14 23 36 38 35 34 33 0 31 48 )
Iteration 89000:
	11040 (9 8 7 40 16 41 1 6 20 2 44 18 42 32 50 10 11 27 26 12 51 13 46 25 28 29 30 17 21 22 19 49 15 43 45 47 24 3 5 39 37 4 14 23 36 38 35 34 33 0 31 48 )
Iteration 90000:
	11040 (9 8 7 40 16 41 1 6 20 2 44 18 42 32 50 10 11 27 26 12 51 13 46 25 28 29 30 17 21 22 19 49 15 43 45 47 24 3 5 39 37 4 14 23 36 38 35 34 33 0 31 48 )
Iteration 91000:
	11040 (9 8 7 40 16 41 1 6 20 2 44 18 42 32 50 10 11 27 26 12 51 13 46 25 28 29 30 17 21 22 19 49 15 43 45 47 24 3 5 39 37 4 14 23 36 38 35 34 33 0 31 48 )
Iteration 92000:
	11040 (9 8 7 40 16 41 1 6 20 2 44 18 42 32 50 10 11 27 26 12 51 13 46 25 28 29 30 17 21 22 19 49 15 43 45 47 24 3 5 39 37 4 14 23 36 38 35 34 33 0 31 48 )
Iteration 93000:
	11040 (9 8 7 40 16 41 1 6 20 2 44 18 42 32 50 10 11 27 26 12 51 13 46 25 28 29 30 17 21 22 19 49 15 43 45 47 24 3 5 39 37 4 14 23 36 38 35 34 33 0 31 48 )
Iteration 94000:
	11040 (9 8 7 40 16 41 1 6 20 2 44 18 42 32 50 10 11 27 26 12 51 13 46 25 28 29 30 17 21 22 19 49 15 43 45 47 24 3 5 39 37 4 14 23 36 38 35 34 33 0 31 48 )
Iteration 95000:
	11040 (9 8 7 40 16 41 1 6 20 2 44 18 42 32 50 10 11 27 26 12 51 13 46 25 28 29 30 17 21 22 19 49 15 43 45 47 24 3 5 39 37 4 14 23 36 38 35 34 33 0 31 48 )
Iteration 96000:
	11040 (9 8 7 40 16 41 1 6 20 2 44 18 42 32 50 10 11 27 26 12 51 13 46 25 28 29 21 17 30 22 19 49 15 43 45 47 24 3 5 4 14 23 37 39 36 38 35 34 33 0 31 48 )
Iteration 97000:
	11040 (9 8 7 40 16 41 1 6 20 2 44 18 42 32 50 10 11 27 26 12 51 13 46 25 28 29 21 17 30 22 19 49 15 43 45 47 24 3 5 4 14 23 37 39 36 38 35 34 33 0 31 48 )
Iteration 98000:
	11040 (9 8 7 40 16 41 1 6 20 2 44 18 42 32 50 10 11 27 26 12 51 13 46 25 28 29 21 17 30 22 19 49 15 43 45 47 24 3 5 4 14 23 37 39 36 38 35 34 33 0 31 48 )
Iteration 99000:
	11040 (9 8 7 40 16 6 1 41 20 2 44 18 42 32 50 10 11 27 26 12 51 13 46 25 28 29 21 17 30 22 19 49 15 43 45 47 24 3 5 4 14 23 37 39 36 38 35 34 33 0 31 48 )
Iteration 100000:
	11040 (9 8 7 40 16 41 1 6 20 2 44 18 42 32 50 10 11 27 26 12 51 13 46 25 28 29 21 17 30 22 19 49 15 43 45 47 24 3 5 4 14 23 37 39 36 38 35 34 33 0 31 48 )
Iteration 101000:
	11040 (9 8 7 40 16 41 1 6 20 2 44 18 42 32 50 10 11 27 26 12 51 13 46 25 28 29 30 17 21 22 19 49 15 43 45 47 24 3 5 39 37 4 14 23 36 38 35 34 33 0 31 48 )
Iteration 102000:
	11040 (9 8 7 40 16 6 1 41 20 2 44 18 42 32 50 10 11 27 26 12 51 13 46 25 28 29 30 17 21 22 19 49 15 43 45 47 24 3 5 39 37 4 14 23 36 38 35 34 33 0 31 48 )
Iteration 103000:
	11040 (9 8 7 40 16 41 1 6 20 2 44 18 42 32 50 10 11 27 26 12 51 13 46 25 28 29 30 17 21 22 19 49 15 43 45 47 24 3 5 39 37 4 14 23 36 38 35 34 33 0 31 48 )
Iteration 104000:
	11040 (9 8 7 40 16 41 1 6 20 2 44 18 42 32 50 10 11 27 26 12 51 13 46 25 28 29 30 17 21 22 19 49 15 43 45 47 24 3 5 39 37 4 14 23 36 38 35 34 33 0 31 48 )
Iteration 105000:
	11040 (9 8 7 40 16 6 1 41 20 2 44 18 42 32 50 10 11 27 26 12 51 13 46 25 28 29 21 17 30 22 19 49 15 43 45 47 24 3 5 4 14 23 37 39 36 38 35 34 33 0 31 48 )
Iteration 106000:
	11040 (9 8 7 40 16 41 1 6 20 2 44 18 42 32 50 10 11 27 26 12 51 13 46 25 28 29 30 17 21 22 19 49 15 43 45 47 24 3 5 39 37 4 14 23 36 38 35 34 33 0 31 48 )
Iteration 107000:
	11040 (9 8 7 40 16 41 1 6 20 2 44 18 42 32 50 10 11 27 26 12 51 13 46 25 28 29 30 17 21 22 19 49 15 43 45 47 24 3 5 39 37 4 14 23 36 38 35 34 33 0 31 48 )
Iteration 108000:
	11040 (9 8 7 40 16 41 1 6 20 2 44 18 42 32 50 10 11 27 26 12 51 13 46 25 28 29 21 17 30 22 19 49 15 43 45 47 24 3 5 4 14 23 37 39 36 38 35 34 33 0 31 48 )
Iteration 109000:
	11040 (9 8 7 40 16 41 1 6 20 2 44 18 42 32 50 10 11 27 26 12 51 13 46 25 28 29 30 17 21 22 19 49 15 43 45 47 24 3 5 39 37 4 14 23 36 38 35 34 33 0 31 48 )
Iteration 110000:
	11040 (9 8 7 40 16 41 1 6 20 2 44 18 42 32 50 10 11 27 26 12 51 13 46 25 28 29 21 17 30 22 19 49 15 43 45 47 24 3 5 4 14 23 37 39 36 38 35 34 33 0 31 48 )
Iteration 111000:
	11040 (9 8 7 40 16 6 1 41 20 2 44 18 42 32 50 10 11 27 26 12 51 13 46 25 28 29 30 17 21 22 19 49 15 43 45 47 24 3 5 39 37 4 14 23 36 38 35 34 33 0 31 48 )
Iteration 112000:
	11040 (9 8 7 40 16 6 1 41 20 2 44 18 42 32 50 10 11 27 26 12 51 13 46 25 28 29 21 17 30 22 19 49 15 43 45 47 24 3 5 4 14 23 37 39 36 38 35 34 33 0 31 48 )
Iteration 113000:
	11040 (9 8 7 40 16 41 1 6 20 2 44 18 42 32 50 10 11 27 26 12 51 13 46 25 28 29 21 17 30 22 19 49 15 43 45 47 24 3 5 4 14 23 37 39 36 38 35 34 33 0 31 48 )
Iteration 114000:
	11040 (9 8 7 40 16 6 1 41 20 2 44 18 42 32 50 10 11 27 26 12 51 13 46 25 28 29 30 17 21 22 19 49 15 43 45 47 24 3 5 39 37 4 14 23 36 38 35 34 33 0 31 48 )
Iteration 115000:
	11040 (9 8 7 40 16 6 1 41 20 2 44 18 42 32 50 10 11 27 26 12 51 13 46 25 28 29 21 17 30 22 19 49 15 43 45 47 24 3 5 4 14 23 37 39 36 38 35 34 33 0 31 48 )
Iteration 116000:
	11040 (9 8 7 40 16 6 1 41 20 2 44 18 42 32 50 10 11 27 26 12 51 13 46 25 28 29 30 17 21 22 19 49 15 43 45 47 24 3 5 39 37 4 14 23 36 38 35 34 33 0 31 48 )
Iteration 117000:
	11040 (9 8 7 40 16 41 1 6 20 2 44 18 42 32 50 10 11 27 26 12 51 13 46 25 28 29 21 17 30 22 19 49 15 43 45 47 24 3 5 4 14 23 37 39 36 38 35 34 33 0 31 48 )
Iteration 118000:
	11040 (9 8 7 40 16 41 1 6 20 2 44 18 42 32 50 10 11 27 26 12 51 13 46 25 28 29 30 17 21 22 19 49 15 43 45 47 24 3 5 39 37 4 14 23 36 38 35 34 33 0 31 48 )
Iteration 119000:
	11040 (9 8 7 40 16 41 1 6 20 2 44 18 42 32 50 10 11 27 26 12 51 13 46 25 28 29 21 17 30 22 19 49 15 43 45 47 24 3 5 4 14 23 37 39 36 38 35 34 33 0 31 48 )
Iteration 120000:
	11040 (9 8 7 40 16 41 1 6 20 2 44 18 42 32 50 10 11 27 26 12 51 13 46 25 28 29 30 17 21 22 19 49 15 43 45 47 24 3 5 39 37 4 14 23 36 38 35 34 33 0 31 48 )
Iteration 121000:
	11040 (9 8 7 40 16 41 1 6 20 2 44 18 42 32 50 10 11 27 26 12 51 13 46 25 28 29 30 17 21 22 19 49 15 43 45 47 24 3 5 39 37 4 14 23 36 38 35 34 33 0 31 48 )
Iteration 122000:
	11040 (9 8 7 40 16 6 1 41 20 2 44 18 42 32 50 10 11 27 26 12 51 13 46 25 28 29 21 17 30 22 19 49 15 43 45 47 24 3 5 4 14 23 37 39 36 38 35 34 33 0 31 48 )
Iteration 123000:
	11040 (9 8 7 40 16 41 1 6 20 2 44 18 42 32 50 10 11 27 26 12 51 13 46 25 28 29 21 17 30 22 19 49 15 43 45 47 24 3 5 4 14 23 37 39 36 38 35 34 33 0 31 48 )
Iteration 124000:
	11040 (9 8 7 40 16 6 1 41 20 2 44 18 42 32 50 10 11 27 26 12 51 13 46 25 28 29 21 17 30 22 19 49 15 43 45 47 24 3 5 4 14 23 37 39 36 38 35 34 33 0 31 48 )
Iteration 125000:
	11040 (9 8 7 40 16 41 1 6 20 2 44 18 42 32 50 10 11 27 26 12 51 13 46 25 28 29 21 17 30 22 19 49 15 43 45 47 24 3 5 4 14 23 37 39 36 38 35 34 33 0 31 48 )
Iteration 126000:
	11040 (9 8 7 40 16 6 1 41 20 2 44 18 42 32 50 10 11 27 26 12 51 13 46 25 28 29 30 17 21 22 19 49 15 43 45 47 24 3 5 39 37 4 14 23 36 38 35 34 33 0 31 48 )
Iteration 127000:
	11040 (9 8 7 40 16 6 1 41 20 2 44 18 42 32 50 10 11 27 26 12 51 13 46 25 28 29 21 17 30 22 19 49 15 43 45 47 24 3 5 4 14 23 37 39 36 38 35 34 33 0 31 48 )
Iteration 128000:
	11040 (9 8 7 40 16 6 1 41 20 2 44 18 42 32 50 10 11 27 26 12 51 13 46 25 28 29 21 17 30 22 19 49 15 43 45 47 24 3 5 4 14 23 37 39 36 38 35 34 33 0 31 48 )
Iteration 129000:
	11040 (9 8 7 40 16 41 1 6 20 2 44 18 42 32 50 10 11 27 26 12 51 13 46 25 28 29 30 17 21 22 19 49 15 43 45 47 24 3 5 39 37 4 14 23 36 38 35 34 33 0 31 48 )
Iteration 130000:
	11040 (9 8 7 40 16 41 1 6 20 2 44 18 42 32 50 10 11 27 26 12 51 13 46 25 28 29 30 17 21 22 19 49 15 43 45 47 24 3 5 39 37 4 14 23 36 38 35 34 33 0 31 48 )
Iteration 131000:
	11040 (9 8 7 40 16 41 1 6 20 2 44 18 42 32 50 10 11 27 26 12 51 13 46 25 28 29 21 17 30 22 19 49 15 43 45 47 24 3 5 4 14 23 37 39 36 38 35 34 33 0 31 48 )
Iteration 132000:
	11040 (9 8 7 40 16 41 1 6 20 2 44 18 42 32 50 10 11 27 26 12 51 13 46 25 28 29 30 17 21 22 19 49 15 43 45 47 24 3 5 39 37 4 14 23 36 38 35 34 33 0 31 48 )
Iteration 133000:
	11040 (9 8 7 40 16 41 1 6 20 2 44 18 42 32 50 10 11 27 26 12 51 13 46 25 28 29 21 17 30 22 19 49 15 43 45 47 24 3 5 4 14 23 37 39 36 38 35 34 33 0 31 48 )
Iteration 134000:
	11040 (9 8 7 40 16 6 1 41 20 2 44 18 42 32 50 10 11 27 26 12 51 13 46 25 28 29 21 17 30 22 19 49 15 43 45 47 24 3 5 4 14 23 37 39 36 38 35 34 33 0 31 48 )
Iteration 135000:
	11040 (9 8 7 40 16 6 1 41 20 2 44 18 42 32 50 10 11 27 26 12 51 13 46 25 28 29 30 17 21 22 19 49 15 43 45 47 24 3 5 39 37 4 14 23 36 38 35 34 33 0 31 48 )
Iteration 136000:
	11040 (9 8 7 40 16 41 1 6 20 2 44 18 42 32 50 10 11 27 26 12 51 13 46 25 28 29 21 17 30 22 19 49 15 43 45 47 24 3 5 4 14 23 37 39 36 38 35 34 33 0 31 48 )
Iteration 137000:
	11040 (9 8 7 40 16 6 1 41 20 2 44 18 42 32 50 10 11 27 26 12 51 13 46 25 28 29 21 17 30 22 19 49 15 43 45 47 24 3 5 4 14 23 37 39 36 38 35 34 33 0 31 48 )
Iteration 138000:
	11040 (9 8 7 40 16 41 1 6 20 2 44 18 42 32 50 10 11 27 26 12 51 13 46 25 28 29 21 17 30 22 19 49 15 43 45 47 24 3 5 4 14 23 37 39 36 38 33 35 34 48 31 0 )
Iteration 139000:
	11040 (9 8 7 40 16 6 1 41 20 2 44 18 42 32 50 10 11 27 26 12 51 13 46 25 28 29 21 17 30 22 19 49 15 43 45 47 24 3 5 4 14 23 37 39 36 38 33 35 34 48 31 0 )
Iteration 140000:
	11030 (9 8 7 40 16 6 1 41 20 2 44 18 42 32 50 10 11 27 26 12 51 13 46 25 28 29 17 21 30 22 19 49 15 43 45 47 24 3 5 4 14 23 37 39 36 38 33 35 34 48 31 0 )
Iteration 141000:
	11030 (9 8 7 40 16 41 1 6 20 2 44 18 42 32 50 10 11 27 26 12 51 13 46 25 28 29 17 21 30 22 19 49 15 43 45 47 24 3 5 4 14 23 37 39 36 38 33 35 34 48 31 0 )
Iteration 142000:
	11030 (9 8 7 40 16 41 1 6 20 2 44 18 42 32 50 10 11 27 26 12 51 13 46 25 28 29 17 21 30 22 19 49 15 43 45 47 24 3 5 4 14 23 37 39 36 38 33 35 34 48 31 0 )
Iteration 143000:
	11030 (9 8 7 40 16 41 1 6 20 2 44 18 42 32 50 10 11 27 26 12 51 13 46 25 28 29 17 21 30 22 19 49 15 43 45 47 24 3 5 4 14 23 37 39 36 38 33 35 34 48 31 0 )
Iteration 144000:
	11030 (9 8 7 40 16 6 1 41 20 2 44 18 42 32 50 10 11 27 26 12 51 13 46 25 28 29 17 21 30 22 19 49 15 43 45 47 24 3 5 4 14 23 37 39 36 38 33 35 34 48 31 0 )
Iteration 145000:
	11030 (9 8 7 40 16 6 1 41 20 2 44 18 42 32 50 10 11 27 26 12 51 13 46 25 28 29 17 21 30 22 19 49 15 43 45 47 24 3 5 4 14 23 37 39 36 38 33 35 34 48 31 0 )
Iteration 146000:
	11030 (9 8 7 40 16 6 1 41 20 2 44 18 42 32 50 10 11 27 26 12 51 13 46 25 28 29 17 21 30 22 19 49 15 43 45 47 24 3 5 4 14 23 37 39 36 38 33 35 34 48 31 0 )
Iteration 147000:
	11030 (9 8 7 40 16 41 1 6 20 2 44 18 42 32 50 10 11 27 26 12 51 13 46 25 28 29 17 21 30 22 19 49 15 43 45 47 24 3 5 4 14 23 37 39 36 38 33 35 34 48 31 0 )
Iteration 148000:
	11030 (9 8 7 40 16 6 1 41 20 2 44 18 42 32 50 10 11 27 26 12 51 13 46 25 28 29 17 21 30 22 19 49 15 43 45 47 24 3 5 4 14 23 37 39 36 38 33 35 34 48 31 0 )
Iteration 149000:
	11030 (9 8 7 40 16 41 1 6 20 2 44 18 42 32 50 10 11 27 26 12 51 13 46 25 28 29 17 21 30 22 19 49 15 43 45 47 24 3 5 4 14 23 37 39 36 38 33 35 34 48 31 0 )
Iteration 150000:
	11030 (9 8 7 40 16 6 1 41 20 2 44 18 42 32 50 10 11 27 26 12 51 13 46 25 28 29 17 21 30 22 19 49 15 43 45 47 24 3 5 4 14 23 37 39 36 38 33 35 34 48 31 0 )
Iteration 151000:
	11030 (9 8 7 40 16 41 1 6 20 2 44 18 42 32 50 10 11 27 26 12 51 13 46 25 28 29 17 21 30 22 19 49 15 43 45 47 24 3 5 4 14 23 37 39 36 38 33 35 34 48 31 0 )
Iteration 152000:
	11030 (9 8 7 40 16 6 1 41 20 2 44 18 42 32 50 10 11 27 26 12 51 13 46 25 28 29 17 21 30 22 19 49 15 43 45 47 24 3 5 4 14 23 37 39 36 38 33 35 34 48 31 0 )
Iteration 153000:
	11030 (9 8 7 40 16 6 1 41 20 2 44 18 42 32 50 10 11 27 26 12 51 13 46 25 28 29 17 21 30 22 19 49 15 43 45 47 24 3 5 4 14 23 37 39 36 38 33 35 34 48 31 0 )
Iteration 154000:
	11030 (9 8 7 40 16 41 1 6 20 2 44 18 42 32 50 10 11 27 26 12 51 13 46 25 28 29 17 21 30 22 19 49 15 43 45 47 24 3 5 4 14 23 37 39 36 38 33 35 34 48 31 0 )
Iteration 155000:
	11030 (9 8 7 40 16 6 1 41 20 2 44 18 42 32 50 10 11 27 26 12 51 13 46 25 28 29 17 21 30 22 19 49 15 43 45 47 24 3 5 4 14 23 37 39 36 38 33 35 34 48 31 0 )
Iteration 156000:
	11030 (9 8 7 40 16 6 1 41 20 2 44 18 42 32 50 10 11 27 26 12 51 13 46 25 28 29 17 21 30 22 19 49 15 43 45 47 24 3 5 4 14 23 37 39 36 38 33 35 34 48 31 0 )
Iteration 157000:
	11030 (9 8 7 40 16 6 1 41 20 2 44 18 42 32 50 10 11 27 26 12 51 13 46 25 28 29 17 21 30 22 19 49 15 43 45 47 24 3 5 4 14 23 37 39 36 38 33 35 34 48 31 0 )
Iteration 158000:
	11030 (9 8 7 40 16 41 1 6 20 2 44 18 42 32 50 10 11 27 26 12 51 13 46 25 28 29 17 21 30 22 19 49 15 43 45 47 24 3 5 4 14 23 37 39 36 38 33 35 34 48 31 0 )
Iteration 159000:
	11030 (9 8 7 40 16 6 1 41 20 2 44 18 42 32 50 10 11 27 26 12 51 13 46 25 28 29 17 21 30 22 19 49 15 43 45 47 24 3 5 4 14 23 37 39 36 38 33 35 34 48 31 0 )
Iteration 160000:
	11030 (9 8 7 40 16 6 1 41 20 2 44 18 42 32 50 10 11 27 26 12 51 13 46 25 28 29 17 21 30 22 19 49 15 43 45 47 24 3 5 4 14 23 37 39 36 38 33 35 34 48 31 0 )
Iteration 161000:
	11030 (9 8 7 40 16 41 1 6 20 2 44 18 42 32 50 10 11 27 26 12 51 13 46 25 28 29 17 21 30 22 19 49 15 43 45 47 24 3 5 4 14 23 37 39 36 38 33 35 34 48 31 0 )
Iteration 162000:
	11030 (9 8 7 40 16 41 1 6 20 2 44 18 42 32 50 10 11 27 26 12 51 13 46 25 28 29 17 21 30 22 19 49 15 43 45 47 24 3 5 4 14 23 37 39 36 38 33 35 34 48 31 0 )
Iteration 163000:
	11030 (9 8 7 40 16 6 1 41 20 2 44 18 42 32 50 10 11 27 26 12 51 13 46 25 28 29 17 21 30 22 19 49 15 43 45 47 24 3 5 4 14 23 37 39 36 38 33 35 34 48 31 0 )
Iteration 164000:
	11030 (9 8 7 40 16 6 1 41 20 2 44 18 42 32 50 10 11 27 26 12 51 13 46 25 28 29 17 21 30 22 19 49 15 43 45 47 24 3 5 4 14 23 37 39 36 38 33 35 34 48 31 0 )
Iteration 165000:
	11030 (9 8 7 40 16 6 1 41 20 2 44 18 42 32 50 10 11 27 26 12 51 13 46 25 28 29 17 21 30 22 19 49 15 43 45 47 24 3 5 4 14 23 37 39 36 38 33 35 34 48 31 0 )
Iteration 166000:
	11030 (9 8 7 40 16 6 1 41 20 2 44 18 42 32 50 10 11 27 26 12 51 13 46 25 28 29 17 21 30 22 19 49 15 43 45 47 24 3 5 4 14 23 37 39 36 38 33 35 34 48 31 0 )
Iteration 167000:
	11030 (9 8 7 40 16 6 1 41 20 2 44 18 42 32 50 10 11 27 26 12 51 13 46 25 28 29 17 21 30 22 19 49 15 43 45 47 24 3 5 4 14 23 37 39 36 38 33 35 34 48 31 0 )
Iteration 168000:
	11030 (9 8 7 40 16 41 1 6 20 2 44 18 42 32 50 10 11 27 26 12 51 13 46 25 28 29 17 21 30 22 19 49 15 43 45 47 24 3 5 4 14 23 37 39 36 38 33 35 34 48 31 0 )
Iteration 169000:
	11030 (9 8 7 40 16 41 1 6 20 2 44 18 42 32 50 10 11 27 26 12 51 13 46 25 28 29 17 21 30 22 19 49 15 43 45 47 24 3 5 4 14 23 37 39 36 38 33 35 34 48 31 0 )
Iteration 170000:
	11030 (9 8 7 40 16 6 1 41 20 2 44 18 42 32 50 10 11 27 26 12 51 13 46 25 28 29 17 21 30 22 19 49 15 43 45 47 24 3 5 4 14 23 36 39 37 38 33 34 35 48 31 0 )
Iteration 171000:
	11030 (9 8 7 40 16 6 1 41 20 2 44 18 42 32 50 10 11 27 26 12 51 13 46 25 28 29 17 21 30 22 19 49 15 43 45 47 24 3 5 4 14 23 36 39 37 38 33 34 35 48 31 0 )
Iteration 172000:
	11030 (9 8 7 40 16 6 1 41 20 2 44 18 42 32 50 10 11 27 26 12 51 13 46 25 28 29 17 21 30 22 19 49 15 43 45 47 24 3 5 4 14 23 36 39 37 38 33 34 35 48 31 0 )
Iteration 173000:
	11030 (9 8 7 40 16 6 1 41 20 2 44 18 42 32 50 10 11 27 26 12 51 13 46 25 28 29 17 21 30 22 19 49 15 43 45 47 24 3 5 4 14 23 37 39 36 38 33 35 34 48 31 0 )
Iteration 174000:
	11030 (9 8 7 40 16 6 1 41 20 2 44 18 42 32 50 10 11 27 26 12 51 13 46 25 28 29 17 21 30 22 19 49 15 43 45 47 24 3 5 4 14 23 36 39 37 38 33 34 35 48 31 0 )
Iteration 175000:
	11030 (9 8 7 40 16 6 1 41 20 2 44 18 42 32 50 10 11 27 26 12 51 13 46 25 28 29 17 21 30 22 19 49 15 43 45 47 24 3 5 4 14 23 36 39 37 38 33 34 35 48 31 0 )
Iteration 176000:
	11030 (9 8 7 40 16 6 1 41 20 2 44 18 42 32 50 10 11 27 26 12 51 13 46 25 28 29 17 21 30 22 19 49 15 43 45 47 24 3 5 4 14 23 36 39 37 38 33 34 35 48 31 0 )
Iteration 177000:
	11030 (9 8 7 40 16 41 1 6 20 2 44 18 42 32 50 10 11 27 26 12 51 13 46 25 28 29 17 21 30 22 19 49 15 43 45 47 24 3 5 4 14 23 36 39 37 38 33 34 35 48 31 0 )
Iteration 178000:
	11030 (9 8 7 40 16 41 1 6 20 2 44 18 42 32 50 10 11 27 26 12 51 13 46 25 28 29 17 21 30 22 19 49 15 43 45 47 24 3 5 4 14 23 37 39 36 38 33 35 34 48 31 0 )
Iteration 179000:
	11030 (9 8 7 40 16 41 1 6 20 2 44 18 42 32 50 10 11 27 26 12 51 13 46 25 28 29 17 21 30 22 19 49 15 43 45 47 24 3 5 4 14 23 37 39 36 38 33 35 34 48 31 0 )
Iteration 180000:
	11030 (9 8 7 40 16 6 1 41 20 2 44 18 42 32 50 10 11 27 26 12 51 13 46 25 28 29 17 21 30 22 19 49 15 43 45 47 24 3 5 4 14 23 36 39 37 38 33 34 35 48 31 0 )
Iteration 181000:
	11030 (9 8 7 40 20 1 6 41 16 2 44 18 42 32 50 10 11 27 26 12 51 13 46 25 28 29 17 21 30 22 19 49 15 43 45 47 24 3 5 4 14 23 37 39 36 38 33 35 34 48 31 0 )
Iteration 182000:
	11030 (9 8 7 40 16 41 1 6 20 2 44 18 42 32 50 10 11 27 26 12 51 13 46 25 28 29 17 21 30 22 19 49 15 43 45 47 24 3 5 4 14 23 37 39 36 38 33 35 34 48 31 0 )
Iteration 183000:
	11030 (9 8 7 40 16 6 1 41 20 2 44 18 42 32 50 10 11 27 26 12 51 13 46 25 28 29 17 21 30 22 19 49 15 43 45 47 24 3 5 4 14 23 37 39 36 38 33 35 34 48 31 0 )
Iteration 184000:
	11030 (9 8 7 40 16 41 1 6 20 2 44 18 42 32 50 10 11 27 26 12 51 13 46 25 28 29 17 21 30 22 19 49 15 43 45 47 24 3 5 4 14 23 37 39 36 38 33 35 34 48 31 0 )
Iteration 185000:
	11030 (9 8 7 40 16 41 1 6 20 2 44 18 42 32 50 10 11 27 26 12 51 13 46 25 28 29 17 21 30 22 19 49 15 43 45 47 24 3 5 4 14 23 37 39 36 38 33 35 34 48 31 0 )
Iteration 186000:
	11030 (9 8 7 40 16 6 1 41 20 2 44 18 42 32 50 10 11 27 26 12 51 13 46 25 28 29 17 21 30 22 19 49 15 43 45 47 24 3 5 4 14 23 37 39 36 38 33 35 34 48 31 0 )
Iteration 187000:
	11030 (9 8 7 40 16 6 1 41 20 2 44 18 42 32 50 10 11 27 26 12 51 13 46 25 28 29 17 21 30 22 19 49 15 43 45 47 24 3 5 4 14 23 36 39 37 38 33 34 35 48 31 0 )
Iteration 188000:
	11030 (9 8 7 40 16 41 1 6 20 2 44 18 42 32 50 10 11 27 26 12 51 13 46 25 28 29 17 21 30 22 19 49 15 43 45 47 24 3 5 4 14 23 37 39 36 38 33 35 34 48 31 0 )
Iteration 189000:
	11030 (9 8 7 40 16 6 1 41 20 2 44 18 42 32 50 10 11 27 26 12 51 13 46 25 28 29 17 21 30 22 19 49 15 43 45 47 24 3 5 4 14 23 36 39 37 38 33 34 35 48 31 0 )
Iteration 190000:
	11030 (9 8 7 40 20 1 6 41 16 2 44 18 42 32 50 10 11 27 26 12 51 13 46 25 28 29 17 21 30 22 19 49 15 43 45 47 24 3 5 4 14 23 37 39 36 38 33 35 34 48 31 0 )
Iteration 191000:
	11030 (9 8 7 40 20 1 6 41 16 2 44 18 42 32 50 10 11 27 26 12 51 13 46 25 28 29 17 21 30 22 19 49 15 43 45 47 24 3 5 4 14 23 37 39 36 38 33 35 34 48 31 0 )
Iteration 192000:
	11030 (9 8 7 40 16 6 1 41 20 2 44 18 42 32 50 10 11 27 26 12 51 13 46 25 28 29 17 21 30 22 19 49 15 43 45 47 24 3 5 4 14 23 37 39 36 38 33 35 34 48 31 0 )
Iteration 193000:
	11030 (9 8 7 40 16 41 1 6 20 2 44 18 42 32 50 10 11 27 26 12 51 13 46 25 28 29 17 21 30 22 19 49 15 43 45 47 24 3 5 4 14 23 36 39 37 38 33 34 35 48 31 0 )
Iteration 194000:
	11030 (9 8 7 40 16 41 1 6 20 2 44 18 42 32 50 10 11 27 26 12 51 13 46 25 28 29 17 21 30 22 19 49 15 43 45 47 24 3 5 4 14 23 36 39 37 38 33 34 35 48 31 0 )
Iteration 195000:
	11030 (9 8 7 40 16 6 1 41 20 2 44 18 42 32 50 10 11 27 26 12 51 13 46 25 28 29 17 21 30 22 19 49 15 43 45 47 24 3 5 4 14 23 36 39 37 38 33 34 35 48 31 0 )
Iteration 196000:
	11030 (9 8 7 40 16 6 1 41 20 2 44 18 42 32 50 10 11 27 26 12 51 13 46 25 28 29 17 21 30 22 19 49 15 43 45 47 24 3 5 4 14 23 36 39 37 38 33 34 35 48 31 0 )
Iteration 197000:
	11030 (9 8 7 40 16 6 1 41 20 2 44 18 42 32 50 10 11 27 26 12 51 13 46 25 28 29 17 21 30 22 19 49 15 43 45 47 24 3 5 4 14 23 37 39 36 38 33 35 34 48 31 0 )
Iteration 198000:
	11030 (9 8 7 40 16 6 1 41 20 2 44 18 42 32 50 10 11 27 26 12 51 13 46 25 28 29 17 21 30 22 19 49 15 43 45 47 24 3 5 4 14 23 36 39 37 38 33 34 35 48 31 0 )
Iteration 199000:
	10970 (9 8 7 40 20 1 6 41 16 2 44 18 42 32 50 10 11 27 26 12 51 13 46 25 28 29 17 30 21 22 19 49 15 43 45 47 24 3 5 4 14 23 36 39 37 38 33 34 35 48 31 0 )
Iteration 200000:
	10970 (9 8 7 40 16 41 1 6 20 2 44 18 42 32 50 10 11 27 26 12 51 13 46 25 28 29 17 30 21 22 19 49 15 43 45 47 24 3 5 4 14 23 36 39 37 38 33 34 35 48 31 0 )
Iteration 201000:
	10970 (9 8 7 40 16 6 1 41 20 2 44 18 42 32 50 10 11 27 26 12 51 13 46 25 28 29 17 30 21 22 19 49 15 43 45 47 24 3 5 4 14 23 36 39 37 38 33 34 35 48 31 0 )
Iteration 202000:
	10970 (9 8 7 40 16 41 1 6 20 2 44 18 42 32 50 10 11 27 26 12 51 13 46 25 28 29 17 30 21 22 19 49 15 43 45 47 24 3 5 4 14 23 36 39 37 38 33 34 35 48 31 0 )
Iteration 203000:
	10970 (9 8 7 40 20 1 6 41 16 2 44 18 42 32 50 10 11 27 26 12 51 13 46 25 28 29 17 30 21 22 19 49 15 43 45 47 24 3 5 4 14 23 36 39 37 38 33 34 35 48 31 0 )
Iteration 204000:
	10970 (9 8 7 40 16 6 1 41 20 2 44 18 42 32 50 10 11 27 26 12 51 13 46 25 28 29 17 30 21 22 19 49 15 43 45 47 24 3 5 4 14 23 36 39 37 38 33 34 35 48 31 0 )
Iteration 205000:
	10970 (9 8 7 40 16 41 1 6 20 2 44 18 42 32 50 10 11 27 26 12 51 13 46 25 28 29 17 30 21 22 19 49 15 43 45 47 24 3 5 4 14 23 36 39 37 38 33 34 35 48 31 0 )
Iteration 206000:
	10970 (9 8 7 40 16 41 1 6 20 2 44 18 42 32 50 10 11 27 26 12 51 13 46 25 28 29 17 30 21 22 19 49 15 43 45 47 24 3 5 4 14 23 36 39 37 38 33 34 35 48 31 0 )
Iteration 207000:
	10970 (9 8 7 40 16 6 1 41 20 2 44 18 42 32 50 10 11 27 26 12 51 13 46 25 28 29 17 30 21 22 19 49 15 43 45 47 24 3 5 4 14 23 36 39 37 38 33 34 35 48 31 0 )
Iteration 208000:
	10970 (9 8 7 40 16 41 1 6 20 2 44 18 42 32 50 10 11 27 26 12 51 13 46 25 28 29 17 30 21 22 19 49 15 43 45 47 24 3 5 4 14 23 36 39 37 38 33 34 35 48 31 0 )
Iteration 209000:
	10970 (9 8 7 40 20 1 6 41 16 2 44 18 42 32 50 10 11 27 26 12 51 13 46 25 28 29 17 30 21 22 19 49 15 43 45 47 24 3 5 4 14 23 36 39 37 38 33 34 35 48 31 0 )
Iteration 210000:
	10970 (9 8 7 40 16 6 1 41 20 2 44 18 42 32 50 10 11 27 26 12 51 13 46 25 28 29 17 30 21 22 19 49 15 43 45 47 24 3 5 4 14 23 36 39 37 38 33 34 35 48 31 0 )
Iteration 211000:
	10970 (9 8 7 40 16 6 1 41 20 2 44 18 42 32 50 10 11 27 26 12 51 13 46 25 28 29 17 30 21 22 19 49 15 43 45 47 24 3 5 4 14 23 36 39 37 38 33 34 35 48 31 0 )
Iteration 212000:
	10970 (9 8 7 40 20 1 6 41 16 2 44 18 42 32 50 10 11 27 26 12 51 13 46 25 28 29 17 30 21 22 19 49 15 43 45 47 24 3 5 4 14 23 36 39 37 38 33 34 35 48 31 0 )
Iteration 213000:
	10970 (9 8 7 40 16 41 1 6 20 2 44 18 42 32 50 10 11 27 26 12 51 13 46 25 28 29 17 30 21 22 19 49 15 43 45 47 24 3 5 4 14 23 36 39 37 38 33 34 35 48 31 0 )
Iteration 214000:
	10970 (9 8 7 40 16 1 6 41 20 2 44 18 42 32 50 10 11 27 26 12 51 13 46 25 28 29 17 30 21 22 19 49 15 43 45 47 24 3 5 4 14 23 36 39 37 38 33 34 35 48 31 0 )
Iteration 215000:
	10970 (9 8 7 40 16 1 6 41 20 2 44 18 42 32 50 10 11 27 26 12 51 13 46 25 28 29 17 30 21 22 19 49 15 43 45 47 24 3 5 4 14 23 36 39 37 38 33 34 35 48 31 0 )
Iteration 216000:
	10970 (9 8 7 40 16 1 6 41 20 2 44 18 42 32 50 10 11 27 26 12 51 13 46 25 28 29 17 30 21 22 19 49 15 43 45 47 24 3 5 4 14 23 36 39 37 38 33 34 35 48 31 0 )
Iteration 217000:
	10970 (9 8 7 40 16 6 1 41 20 2 44 18 42 32 50 10 11 27 26 12 51 13 46 25 28 29 17 30 21 22 19 49 15 43 45 47 24 3 5 4 14 23 36 39 37 38 33 34 35 48 31 0 )
Iteration 218000:
	10970 (9 8 7 40 20 1 6 41 16 2 44 18 42 32 50 10 11 27 26 12 51 13 46 25 28 29 17 30 21 22 19 49 15 43 45 47 24 3 5 4 14 23 36 39 37 38 33 34 35 48 31 0 )
Iteration 219000:
	10970 (9 8 7 40 16 41 1 6 20 2 44 18 42 32 50 10 11 27 26 12 51 13 46 25 28 29 17 30 21 22 19 49 15 43 45 47 24 3 5 4 14 23 36 39 37 38 33 34 35 48 31 0 )
Iteration 220000:
	10970 (9 8 7 40 16 6 1 41 20 2 44 18 42 32 50 10 11 27 26 12 51 13 46 25 28 29 17 30 21 22 19 49 15 43 45 47 24 3 5 4 14 23 36 39 37 38 33 34 35 48 31 0 )
Iteration 221000:
	10970 (9 8 7 40 20 1 6 41 16 2 44 18 42 32 50 10 11 27 26 12 51 13 46 25 28 29 17 30 21 22 19 49 15 43 45 47 24 3 5 4 14 23 36 39 37 38 33 34 35 48 31 0 )
Iteration 222000:
	10970 (9 8 7 40 16 6 1 41 20 2 44 18 42 32 50 10 11 27 26 12 51 13 46 25 28 29 17 30 21 22 19 49 15 43 45 47 24 3 5 4 14 23 36 39 37 38 33 34 35 48 31 0 )
Iteration 223000:
	10970 (9 8 7 40 16 1 6 41 20 2 44 18 42 32 50 10 11 27 26 12 51 13 46 25 28 29 17 30 21 22 19 49 15 43 45 47 24 3 5 4 14 23 36 39 37 38 33 34 35 48 31 0 )
Iteration 224000:
	10970 (9 8 7 40 20 1 6 41 16 2 44 18 42 32 50 10 11 27 26 12 51 13 46 25 28 29 17 30 21 22 19 49 15 43 45 47 24 3 5 4 14 23 36 39 37 38 33 34 35 48 31 0 )
Iteration 225000:
	10970 (9 8 7 40 16 6 1 41 20 2 44 18 42 32 50 10 11 27 26 12 51 13 46 25 28 29 17 30 21 22 19 49 15 43 45 47 24 3 5 4 14 23 36 39 37 38 33 34 35 48 31 0 )
Iteration 226000:
	10970 (9 8 7 40 16 41 1 6 20 2 44 18 42 32 50 10 11 27 26 12 51 13 46 25 28 29 17 30 21 22 19 49 15 43 45 47 24 3 5 4 14 23 36 39 37 38 33 34 35 48 31 0 )
Iteration 227000:
	10970 (9 8 7 40 20 41 6 1 16 2 44 18 42 32 50 10 11 27 26 12 51 13 46 25 28 29 17 30 21 22 19 49 15 43 45 47 24 3 5 4 14 23 36 39 37 38 33 34 35 48 31 0 )
Iteration 228000:
	10970 (9 8 7 40 16 41 1 6 20 2 44 18 42 32 50 10 11 27 26 12 51 13 46 25 28 29 17 30 21 22 19 49 15 43 45 47 24 3 5 4 14 23 36 39 37 38 33 34 35 48 31 0 )
Iteration 229000:
	10970 (9 8 7 40 16 41 1 6 20 2 44 18 42 32 50 10 11 27 26 12 51 13 46 25 28 29 17 30 21 22 19 49 15 43 45 47 24 3 5 4 14 23 36 39 37 38 33 34 35 48 31 0 )
Iteration 230000:
	10970 (9 8 7 40 16 1 6 41 20 2 44 18 42 32 50 10 11 27 26 12 51 13 46 25 28 29 17 30 21 22 19 49 15 43 45 47 24 3 5 4 14 23 36 39 37 38 33 34 35 48 31 0 )
Iteration 231000:
	10970 (9 8 7 40 16 6 1 41 20 2 44 18 42 32 50 10 11 27 26 12 51 13 46 25 28 29 17 30 21 22 19 49 15 43 45 47 24 3 5 4 14 23 36 39 37 38 33 34 35 48 31 0 )
Iteration 232000:
	10970 (9 8 7 40 16 1 6 41 20 2 44 18 42 32 50 10 11 27 26 12 51 13 46 25 28 29 17 30 21 22 19 49 15 43 45 47 24 3 5 4 14 23 36 39 37 38 33 34 35 48 31 0 )
Iteration 233000:
	10970 (9 8 7 40 20 1 6 41 16 2 44 18 42 32 50 10 11 27 26 12 51 13 46 25 28 29 17 30 21 22 19 49 15 43 45 47 24 3 5 4 14 23 36 39 37 38 33 34 35 48 31 0 )
Iteration 234000:
	10970 (9 8 7 40 16 6 1 41 20 2 44 18 42 32 50 10 11 27 26 12 51 13 46 25 28 29 17 30 21 22 19 49 15 43 45 47 24 3 5 4 14 23 36 39 37 38 33 34 35 48 31 0 )
Iteration 235000:
	10970 (9 8 7 40 20 1 6 41 16 2 44 18 42 32 50 10 11 27 26 12 51 13 46 25 28 29 17 30 21 22 19 49 15 43 45 47 24 3 5 4 14 23 36 39 37 38 33 34 35 48 31 0 )
Iteration 236000:
	10970 (9 8 7 40 20 1 6 41 16 2 44 18 42 32 50 10 11 27 26 12 51 13 46 25 28 29 17 30 21 22 19 49 15 43 45 47 24 3 5 4 14 23 36 39 37 38 33 34 35 48 31 0 )
Iteration 237000:
	10970 (9 8 7 40 20 41 6 1 16 2 44 18 42 32 50 10 11 27 26 12 51 13 46 25 28 29 17 30 21 22 19 49 15 43 45 47 24 3 5 4 14 23 36 39 37 38 33 34 35 48 31 0 )
Iteration 238000:
	10970 (9 8 7 40 20 41 6 1 16 2 44 18 42 32 50 10 11 27 26 12 51 13 46 25 28 29 17 30 21 22 19 49 15 43 45 47 24 3 5 4 14 23 36 39 37 38 33 34 35 48 31 0 )
Iteration 239000:
	10970 (9 8 7 40 20 1 6 41 16 2 44 18 42 32 50 10 11 27 26 12 51 13 46 25 28 29 17 30 21 22 19 49 15 43 45 47 24 3 5 4 14 23 36 39 37 38 33 34 35 48 31 0 )
Iteration 240000:
	10920 (9 8 7 40 16 41 1 6 20 2 44 18 42 32 50 10 11 27 26 12 51 13 46 25 28 29 30 17 21 22 19 49 15 43 45 47 24 3 5 4 14 23 37 39 36 38 35 34 33 48 31 0 )
Iteration 241000:
	10920 (9 8 7 40 16 1 6 41 20 2 44 18 42 32 50 10 11 27 26 12 51 13 46 25 28 29 30 17 21 22 19 49 15 43 45 47 24 3 5 4 14 23 37 39 36 38 35 34 33 48 31 0 )
Iteration 242000:
	10920 (9 8 7 40 20 41 6 1 16 2 44 18 42 32 50 10 11 27 26 12 51 13 46 25 28 29 30 17 21 22 19 49 15 43 45 47 24 3 5 4 14 23 37 39 36 38 35 34 33 48 31 0 )
Iteration 243000:
	10920 (9 8 7 40 16 1 6 41 20 2 44 18 42 32 50 10 11 27 26 12 51 13 46 25 28 29 30 17 21 22 19 49 15 43 45 47 24 3 5 4 14 23 37 39 36 38 35 34 33 48 31 0 )
Iteration 244000:
	10920 (9 8 7 40 16 41 1 6 20 2 44 18 42 32 50 10 11 27 26 12 51 13 46 25 28 29 30 17 21 22 19 49 15 43 45 47 24 3 5 4 14 23 37 39 36 38 35 34 33 48 31 0 )
Iteration 245000:
	10920 (9 8 7 40 16 6 1 41 20 2 44 18 42 32 50 10 11 27 26 12 51 13 46 25 28 29 30 17 21 22 19 49 15 43 45 47 24 3 5 4 14 23 37 39 36 38 35 34 33 48 31 0 )
Iteration 246000:
	10920 (9 8 7 40 16 41 1 6 20 2 44 18 42 32 50 10 11 27 26 12 51 13 46 25 28 29 30 17 21 22 19 49 15 43 45 47 24 3 5 4 14 23 37 39 36 38 35 34 33 48 31 0 )
Iteration 247000:
	10920 (9 8 7 40 20 41 6 1 16 2 44 18 42 32 50 10 11 27 26 12 51 13 46 25 28 29 30 17 21 22 19 49 15 43 45 47 24 3 5 4 14 23 37 39 36 38 35 34 33 48 31 0 )
Iteration 248000:
	10920 (9 8 7 40 20 41 6 1 16 2 44 18 42 32 50 10 11 27 26 12 51 13 46 25 28 29 30 17 21 22 19 49 15 43 45 47 24 3 5 4 14 23 37 39 36 38 35 34 33 48 31 0 )
Iteration 249000:
	10920 (9 8 7 40 20 41 6 1 16 2 44 18 42 32 50 10 11 27 26 12 51 13 46 25 28 29 30 17 21 22 19 49 15 43 45 47 24 3 5 4 14 23 37 39 36 38 35 34 33 48 31 0 )
Iteration 250000:
	10920 (9 8 7 40 16 1 6 41 20 2 44 18 42 32 50 10 11 27 26 12 51 13 46 25 28 29 30 17 21 22 19 49 15 43 45 47 24 3 5 4 14 23 37 39 36 38 35 34 33 48 31 0 )
Iteration 251000:
	10920 (9 8 7 40 16 6 1 41 20 2 44 18 42 32 50 10 11 27 26 12 51 13 46 25 28 29 30 17 21 22 19 49 15 43 45 47 24 3 5 4 14 23 37 39 36 38 35 34 33 48 31 0 )
Iteration 252000:
	10920 (9 8 7 40 16 41 1 6 20 2 44 18 42 32 50 10 11 27 26 12 51 13 46 25 28 29 30 17 21 22 19 49 15 43 45 47 24 3 5 4 14 23 37 39 36 38 35 34 33 48 31 0 )
Iteration 253000:
	10920 (9 8 7 40 16 6 1 41 20 2 44 18 42 32 50 10 11 27 26 12 51 13 46 25 28 29 30 17 21 22 19 49 15 43 45 47 24 3 5 4 14 23 37 39 36 38 35 34 33 48 31 0 )
Iteration 254000:
	10920 (9 8 7 40 16 41 1 6 20 2 44 18 42 32 50 10 11 27 26 12 51 13 46 25 28 29 30 17 21 22 19 49 15 43 45 47 24 3 5 4 14 23 37 39 36 38 35 34 33 48 31 0 )
Iteration 255000:
	10920 (9 8 7 40 20 41 6 1 16 2 44 18 42 32 50 10 11 27 26 12 51 13 46 25 28 29 30 17 21 22 19 49 15 43 45 47 24 3 5 4 14 23 37 39 36 38 35 34 33 48 31 0 )
Iteration 256000:
	10920 (9 8 7 40 16 41 1 6 20 2 44 18 42 32 50 10 11 27 26 12 51 13 46 25 28 29 30 17 21 22 19 49 15 43 45 47 24 3 5 4 14 23 37 39 36 38 35 34 33 48 31 0 )
Iteration 257000:
	10920 (9 8 7 40 16 41 1 6 20 2 44 18 42 32 50 10 11 27 26 12 51 13 46 25 28 29 30 17 21 22 19 49 15 43 45 47 24 3 5 4 14 23 37 39 36 38 35 34 33 48 31 0 )
Iteration 258000:
	10920 (9 8 7 40 16 6 1 41 20 2 44 18 42 32 50 10 11 27 26 12 51 13 46 25 28 29 30 17 21 22 19 49 15 43 45 47 24 3 5 4 14 23 37 39 36 38 35 34 33 48 31 0 )
Iteration 259000:
	10920 (9 8 7 40 20 41 6 1 16 2 44 18 42 32 50 10 11 27 26 12 51 13 46 25 28 29 30 17 21 22 19 49 15 43 45 47 24 3 5 4 14 23 37 39 36 38 35 34 33 48 31 0 )
Iteration 260000:
	10920 (9 8 7 40 16 6 1 41 20 2 44 18 42 32 50 10 11 27 26 12 51 13 46 25 28 29 30 17 21 22 19 49 15 43 45 47 24 3 5 4 14 23 37 39 36 38 35 34 33 48 31 0 )
Iteration 261000:
	10920 (9 8 7 40 16 41 1 6 20 2 44 18 42 32 50 10 11 27 26 12 51 13 46 25 28 29 30 17 21 22 19 49 15 43 45 47 24 3 5 4 14 23 37 39 36 38 35 34 33 48 31 0 )
Iteration 262000:
	10920 (9 8 7 40 16 6 1 41 20 2 44 18 42 32 50 10 11 27 26 12 51 13 46 25 28 29 30 17 21 22 19 49 15 43 45 47 24 3 5 4 14 23 37 39 36 38 35 34 33 48 31 0 )
Iteration 263000:
	10920 (9 8 7 40 20 1 6 41 16 2 44 18 42 32 50 10 11 27 26 12 51 13 46 25 28 29 30 17 21 22 19 49 15 43 45 47 24 3 5 4 14 23 37 39 36 38 35 34 33 48 31 0 )
Iteration 264000:
	10920 (9 8 7 40 16 41 1 6 20 2 44 18 42 32 50 10 11 27 26 12 51 13 46 25 28 29 30 17 21 22 19 49 15 43 45 47 24 3 5 4 14 23 37 39 36 38 35 34 33 48 31 0 )
Iteration 265000:
	10920 (9 8 7 40 16 1 6 41 20 2 44 18 42 32 50 10 11 27 26 12 51 13 46 25 28 29 30 17 21 22 19 49 15 43 45 47 24 3 5 4 14 23 37 39 36 38 35 34 33 48 31 0 )
Iteration 266000:
	10920 (9 8 7 40 16 1 6 41 20 2 44 18 42 32 50 10 11 27 26 12 51 13 46 25 28 29 30 17 21 22 19 49 15 43 45 47 24 3 5 4 14 23 37 39 36 38 35 34 33 48 31 0 )
Iteration 267000:
	10920 (9 8 7 40 16 41 1 6 20 2 44 18 42 32 50 10 11 27 26 12 51 13 46 25 28 29 30 17 21 22 19 49 15 43 45 47 24 3 5 4 14 23 37 39 36 38 35 34 33 48 31 0 )
Iteration 268000:
	10920 (9 8 7 40 16 6 1 41 20 2 44 18 42 32 50 10 11 27 26 12 51 13 46 25 28 29 30 17 21 22 19 49 15 43 45 47 24 3 5 4 14 23 37 39 36 38 35 34 33 48 31 0 )
Iteration 269000:
	10920 (9 8 7 40 16 6 1 41 20 2 44 18 42 32 50 10 11 27 26 12 51 13 46 25 28 29 30 17 21 22 19 49 15 43 45 47 24 3 5 4 14 23 37 39 36 38 35 34 33 48 31 0 )
Iteration 270000:
	10920 (9 8 7 40 20 1 6 41 16 2 44 18 42 32 50 10 11 27 26 12 51 13 46 25 28 29 30 17 21 22 19 49 15 43 45 47 24 3 5 4 14 23 37 39 36 38 35 34 33 48 31 0 )
Iteration 271000:
	10920 (9 8 7 40 16 6 1 41 20 2 44 18 42 32 50 10 11 27 26 12 51 13 46 25 28 29 30 17 21 22 19 49 15 43 45 47 24 3 5 4 14 23 37 39 36 38 35 34 33 48 31 0 )
Iteration 272000:
	10920 (9 8 7 40 16 6 1 41 20 2 44 18 42 32 50 10 11 27 26 12 51 13 46 25 28 29 30 17 21 22 19 49 15 43 45 47 24 3 5 4 14 23 37 39 36 38 35 34 33 48 31 0 )
Iteration 273000:
	10920 (9 8 7 40 20 41 6 1 16 2 44 18 42 32 50 10 11 27 26 12 51 13 46 25 28 29 30 17 21 22 19 49 15 43 45 47 24 3 5 4 14 23 37 39 36 38 35 34 33 48 31 0 )
Iteration 274000:
	10920 (9 8 7 40 16 41 1 6 20 2 44 18 42 32 50 10 11 27 26 12 51 13 46 25 28 29 30 17 21 22 19 49 15 43 45 47 24 3 5 4 14 23 37 39 36 38 35 34 33 48 31 0 )
Iteration 275000:
	10920 (9 8 7 40 20 41 6 1 16 2 44 18 42 32 50 10 11 27 26 12 51 13 46 25 28 29 30 17 21 22 19 49 15 43 45 47 24 3 5 4 14 23 37 39 36 38 35 34 33 48 31 0 )
Iteration 276000:
	10920 (9 8 7 40 16 6 1 41 20 2 44 18 42 32 50 10 11 27 26 12 51 13 46 25 28 29 30 17 21 22 19 49 15 43 45 47 24 3 5 4 14 23 37 39 36 38 35 34 33 48 31 0 )
Iteration 277000:
	10920 (9 8 7 40 20 1 6 41 16 2 44 18 42 32 50 10 11 27 26 12 51 13 46 25 28 29 30 17 21 22 19 49 15 43 45 47 24 3 5 4 14 23 37 39 36 38 35 34 33 48 31 0 )
Iteration 278000:
	10920 (9 8 7 40 16 41 1 6 20 2 44 18 42 32 50 10 11 27 26 12 51 13 46 25 28 29 30 17 21 22 19 49 15 43 45 47 24 3 5 4 14 23 37 39 36 38 35 34 33 48 31 0 )
Iteration 279000:
	10920 (9 8 7 40 20 41 6 1 16 2 44 18 42 32 50 10 11 27 26 12 51 13 46 25 28 29 30 17 21 22 19 49 15 43 45 47 24 3 5 4 14 23 37 39 36 38 35 34 33 48 31 0 )
Iteration 280000:
	10920 (9 8 7 40 20 41 6 1 16 2 44 18 42 32 50 10 11 27 26 12 51 13 46 25 28 29 30 17 21 22 19 49 15 43 45 47 24 3 5 4 14 23 37 39 36 38 35 34 33 48 31 0 )
Iteration 281000:
	10920 (9 8 7 40 20 41 6 1 16 2 44 18 42 32 50 10 11 27 26 12 51 13 46 25 28 29 30 17 21 22 19 49 15 43 45 47 24 3 5 4 14 23 37 39 36 38 35 34 33 48 31 0 )
Iteration 282000:
	10920 (9 8 7 40 20 1 6 41 16 2 44 18 42 32 50 10 11 27 26 12 51 13 46 25 28 29 30 17 21 22 19 49 15 43 45 47 24 3 5 4 14 23 37 39 36 38 35 34 33 48 31 0 )
Iteration 283000:
	10920 (9 8 7 40 16 1 6 41 20 2 44 18 42 32 50 10 11 27 26 12 51 13 46 25 28 29 30 17 21 22 19 49 15 43 45 47 24 3 5 4 14 23 37 39 36 38 35 34 33 48 31 0 )
Iteration 284000:
	10920 (9 8 7 40 16 41 1 6 20 2 44 18 42 32 50 10 11 27 26 12 51 13 46 25 28 29 30 17 21 22 19 49 15 43 45 47 24 3 5 4 14 23 37 39 36 38 35 34 33 48 31 0 )
Iteration 285000:
	10920 (9 8 7 40 16 6 1 41 20 2 44 18 42 32 50 10 11 27 26 12 51 13 46 25 28 29 30 17 21 22 19 49 15 43 45 47 24 3 5 4 14 23 37 39 36 38 35 34 33 48 31 0 )
Iteration 286000:
	10920 (9 8 7 40 16 6 1 41 20 2 44 18 42 32 50 10 11 27 26 12 51 13 46 25 28 29 30 17 21 22 19 49 15 43 45 47 24 3 5 4 14 23 37 39 36 38 35 34 33 48 31 0 )
Iteration 287000:
	10920 (9 8 7 40 16 1 6 41 20 2 44 18 42 32 50 10 11 27 26 12 51 13 46 25 28 29 30 17 21 22 19 49 15 43 45 47 24 3 5 4 14 23 37 39 36 38 35 34 33 48 31 0 )
