[[-1.28849656 -0.98753331 -3.93916738 ..., -0.1511208  -0.97579579
  -6.47725109]
 [-0.97786141 -1.27882466 -2.45100238 ..., -1.13960364 -1.09827154
  -4.66257041]
 [-3.9362577  -2.4577646  -1.28558689 ..., -2.88553967 -1.08540242
  -0.3497997 ]
 ..., 
 [-0.14887339 -1.14702813 -2.88620194 ..., -1.28624915 -0.43318166
  -4.97681993]
 [-0.97422971 -1.10637737 -1.08674602 ..., -0.43386299 -1.28693049
  -2.46354103]
 [-6.4782471  -4.67323832 -0.35370539 ..., -4.98006335 -2.46610312
  -1.28949257]]
[[-1.61139282 -1.15994794 -5.58739905 ...,  0.09467082 -1.14234167
  -9.39452462]
 [-1.14708595 -1.59853083 -3.3567974  ..., -1.3896993  -1.32770115
  -6.67414945]
 [-5.58298983 -3.36525018 -1.60698361 ..., -4.00691279 -1.30670691
  -0.20330283]
 ..., 
 [ 0.09731752 -1.39991459 -4.0086753  ..., -1.60874613 -0.32914489
  -7.14460229]
 [-1.13961195 -1.33783343 -1.30838641 ..., -0.32906187 -1.60866311
  -3.37357893]
 [-9.39512256 -6.68760938 -0.20830998 ..., -7.14784693 -3.37690658
  -1.61199076]]
[[ -1.93351696  -2.24801675  -7.41337638 ...,  -0.78429486  -2.2274761
  -11.85502288]
 [ -1.3915513   -1.918237    -3.969548   ...,  -1.67460021  -1.60226904
   -7.83979205]
 [ -7.61222378  -5.02486086  -1.92838033 ...,  -5.77346723  -2.62322704
   -1.33592228]
 ..., 
 [ -1.03713107  -2.78390187  -5.82745604 ...,  -1.93030841  -1.53467055
   -9.48603753]
 [ -3.14374487  -3.37500326  -3.34064841 ...,  -2.19810311  -1.93039573
   -5.75003968]
 [-10.93399877  -7.7752334   -0.21605077 ...,  -8.31217721  -3.9127468
   -1.85367835]]
[[ -2.00728359  -1.98721912  -7.52153301 ...,  -0.41894567  -1.96521128
  -12.28043997]
 [ -1.36960976  -1.93391586  -4.13174908 ...,  -1.67287645  -1.59537876
   -8.27843914]
 [ -7.67067738  -4.89850282  -1.99114022 ...,  -5.70058107  -2.32532373
   -0.94606863]
 ..., 
 [ -0.53370687  -2.40524702  -5.6661979  ...,  -1.75992547  -1.06678488
   -9.58610664]
 [ -2.7024915   -2.95026834  -2.91345957 ...,  -1.68930389  -1.71305165
   -5.49495022]
 [-11.618443    -8.23405153  -0.13492728 ...,  -8.80934847  -4.09567303
   -1.88952826]]
[[ -2.1335671   -1.82257161  -7.54136262 ...,  -0.20202237  -1.79983017
  -12.45889982]
 [ -1.49665121  -2.07976752  -4.35086184 ...,  -1.81002679  -1.72994585
   -8.6357749 ]
 [ -7.5978187   -4.73323832  -2.10737931 ...,  -5.56205252  -2.07428659
   -0.64905632]
 ..., 
 [ -0.12818535  -2.06211017  -5.43175942 ...,  -1.87867042  -0.67903263
   -9.48233178]
 [ -1.91713371  -2.17316979  -2.13513406 ...,  -0.87017319  -1.73511456
   -4.80267439]
 [-12.08176124  -8.58455672  -0.21546166 ...,  -9.17903022  -4.30823227
   -2.02854933]]
[[ -2.24714477  -1.79068378  -7.60171335 ...,  -0.14399665  -1.76757554
  -12.59856566]
 [ -1.62917805  -2.22169946  -4.52942434 ...,  -1.94760807  -1.86623551
   -8.88344889]
 [ -7.60381893  -4.69303564  -2.20792842 ...,  -5.53521781  -1.9911976
   -0.54297974]
 ..., 
 [ -0.08141923  -2.04653638  -5.47053482 ...,  -2.07483059  -0.64115114
   -9.58643899]
 [ -1.69449073  -1.95465642  -1.91600721 ...,  -0.63064375  -1.91618193
   -4.62657239]
 [-12.37396842  -8.82035737  -0.31627691 ...,  -9.42441916  -4.47505995
   -2.15860794]]
[[ -2.32130341  -1.79210965  -7.64925851 ...,  -0.13235358  -1.76881802
  -12.68576838]
 [ -1.65936317  -2.25658713  -4.58262729 ...,  -1.98032042  -1.89830204
   -8.9712076 ]
 [ -7.62803383  -4.69414909  -2.27941776 ...,  -5.54301524  -1.97086789
   -0.51115624]
 ..., 
 [ -0.34184704  -2.32256036  -5.77373338 ...,  -2.24130454  -0.90602126
   -9.92230346]
 [ -2.50413951  -2.76637     -2.72741405 ...,  -1.43184929  -2.0935532
   -5.45949165]
 [-12.55034604  -8.96853173  -0.39695857 ...,  -9.57738766  -4.58874782
   -2.25391127]]
[[ -2.36880218  -1.80324205  -7.68345055 ...,  -0.1369515   -1.77985871
  -12.73978919]
 [ -1.72699794  -2.32657317  -4.66177097 ...,  -2.04921879  -1.96687751
   -9.06762915]
 [ -7.67110704  -4.72567156  -2.34612818 ...,  -5.57787971  -1.99166878
   -0.52621024]
 ..., 
 [ -0.2153596   -2.203871    -5.66863132 ...,  -2.30246411  -0.78175498
   -9.83353435]
 [ -1.93474927  -2.19801217  -2.15890285 ...,  -0.85823744  -2.01614308
   -4.90173666]
 [-12.65367186  -9.05775592  -0.45243641 ...,  -9.66900892  -4.66072877
   -2.31669995]]
[[ -2.40754159  -1.82379827  -7.71553659 ...,  -0.15424049  -1.80036909
  -12.78178963]
 [ -1.78708642  -2.3878373   -4.72761391 ...,  -2.10993908  -2.02743634
   -9.14211103]
 [ -7.67758897  -4.72637814  -2.36442873 ...,  -5.58025728  -1.98701457
   -0.51868257]
 ..., 
 [ -0.19866689  -2.19107733  -5.6626313  ...,  -2.37959491  -0.76617285
   -9.83570081]
 [ -1.73245198  -1.99623108  -1.95704508 ...,  -0.65382934  -2.08584966
   -4.705257  ]
 [-12.71290328  -9.10993653  -0.48774384 ...,  -9.72238806  -4.70428775
   -2.3556628 ]]
[[ -2.42030254  -1.82746762  -7.72497085 ...,  -0.15627622  -1.80401552
  -12.79618109]
 [ -1.83026622  -2.43160491  -4.77367093 ...,  -2.15343478  -2.07085131
   -9.19248752]
 [ -7.68348179  -4.72938327  -2.37623085 ...,  -5.58409791  -1.98733931
   -0.51757059]
 ..., 
 [ -0.07059998  -2.06495995  -5.53991074 ...,  -2.29843976  -0.63866123
   -9.71706349]
 [ -2.36509995  -2.62913715  -2.5899128  ...,  -1.2854219   -2.20432547
   -5.34081377]
 [-12.74630325  -9.13981109  -0.50918181 ...,  -9.75286189  -4.7298515
   -2.37892847]]
[[ -2.42807989  -1.83069918  -7.73108486 ...,  -0.15869097  -1.80723561
  -12.80477369]
 [ -1.85842389  -2.46005649  -4.80326722 ...,  -2.1817504   -2.09912657
   -9.22424354]
 [ -7.68775412  -4.73221176  -2.38345784 ...,  -5.58734415  -1.9888276
   -0.51834052]
 ..., 
 [ -0.2281984   -2.22353312  -5.70018233 ...,  -2.33873808  -0.79653729
   -9.87937669]
 [ -1.86837094  -2.1325372   -2.09329368 ...,  -0.7881652   -2.10068447
   -4.84553917]
 [-12.76489536  -9.15664049  -0.52179292 ...,  -9.76999093  -4.7445255
   -2.39245344]]
[[ -2.432667    -1.83301339  -7.73484031 ...,  -0.16059678  -1.80954409
  -12.80976844]
 [ -1.87578661  -2.47756617  -4.82134925 ...,  -2.1991921   -2.11654809
   -9.24340544]
 [ -7.69055325  -4.73428897  -2.38773429 ...,  -5.58963024  -1.99023471
   -0.51938845]
 ..., 
 [ -0.0839169   -2.079739    -5.55723741 ...,  -2.2765625   -0.65239462
   -9.73745259]
 [ -1.69451406  -1.95874483  -1.91949173 ...,  -0.61404446  -2.12337159
   -4.67240949]
 [-12.77513747  -9.16600126  -0.52904454 ...,  -9.77950151  -4.75280856
   -2.40016199]]
[[ -2.43530978  -1.83451972  -7.73706725 ...,  -0.1618989   -1.81104756
  -12.81261503]
 [ -1.88610992  -2.48796295  -4.83203221 ...,  -2.2095549   -2.12690079
   -9.25462833]
 [ -7.6922843   -4.73565906  -2.390204   ...,  -5.59110476  -1.99126974
   -0.52024389]
 ..., 
 [ -0.17637539  -2.17244118  -5.65036419 ...,  -2.31799671  -0.74492252
   -9.83108978]
 [ -2.32535083  -2.58961387  -2.55035597 ...,  -1.2447493   -2.21252108
   -5.30360986]
 [-12.78073156  -9.17115467  -0.53314338 ...,  -9.78472983  -4.75742313
   -2.40448929]]
[[ -2.43680578  -1.8354475   -7.73835533 ...,  -0.16272458  -1.8119739
  -12.81421293]
 [ -1.89209254  -2.49398231  -4.83819466 ...,  -2.21555727  -2.13289812
   -9.26106075]
 [ -7.69331556  -4.73650984  -2.3916046  ...,  -5.59200776  -1.991953
   -0.52083736]
 ..., 
 [ -0.1558906   -2.15207824  -5.63021355 ...,  -2.36407703  -0.72447244
   -9.81119434]
 [ -1.90204164  -2.16632081  -2.12706052 ...,  -0.82137415  -2.15832754
   -4.88048247]
 [-12.78376513  -9.1739679   -0.53542932 ...,  -9.78758051  -4.75996692
   -2.40688946]]
[[ -2.43764108  -1.83599869  -7.73908668 ...,  -0.16322472  -1.81252437
  -12.81509919]
 [ -1.89549434  -2.49740248  -4.84168637 ...,  -2.21896894  -2.13630726
   -9.26468744]
 [ -7.69391406  -4.7370181   -2.39238776 ...,  -5.59254213  -1.9923775
   -0.52121696]
 ..., 
 [ -0.14959522  -2.14584379  -5.62408525 ...,  -2.3910642   -0.71819441
   -9.80519363]
 [ -1.69421171  -1.95849894  -1.91923745 ...,  -0.61351124  -2.13505542
   -4.67274344]
 [-12.78540016  -9.17549276  -0.53669055 ...,  -9.78912411  -4.76135708
   -2.4082078 ]]
[[ -2.43810239  -1.83631794  -7.739496   ...,  -0.16351844  -1.81284326
  -12.81558597]
 [ -1.89740048  -2.49931781  -4.84363747 ...,  -2.22088001  -2.13821708
   -9.26670604]
 [ -7.69425475  -4.73731367  -2.39282078 ...,  -5.59285075  -1.99263119
   -0.52144819]
 ..., 
 [ -0.18505927  -2.18133829  -5.65963283 ...,  -2.44316952  -0.75366713
   -9.84080502]
 [ -2.34829305  -2.61258432  -2.57332223 ...,  -1.2675761   -2.21039666
   -5.32687024]
 [-12.78627681  -9.17631433  -0.53738029 ...,  -9.78995503  -4.76211129
   -2.4089261 ]]
[[ -2.43835487  -1.83649939  -7.73972249 ...,  -0.16368713  -1.81302453
  -12.81585119]
 [ -1.89845618  -2.50037809  -4.84471564 ...,  -2.22193817  -2.13927461
   -9.26781795]
 [ -7.69444581  -4.73748217  -2.39305801 ...,  -5.59302578  -1.99277875
   -0.52158453]
 ..., 
 [ -0.14169566  -2.13798992  -5.61631099 ...,  -2.40812655  -0.71030787
   -9.79751508]
 [ -1.92020591  -2.1844992   -2.14523681 ...,  -0.83948071  -2.16395848
   -4.89880582]
 [-12.7867447   -9.17675467  -0.53775472 ...,  -9.79040006  -4.76251796
   -2.40931482]]
[[ -2.43849202  -1.83660102  -7.73984665 ...,  -0.16378238  -1.81312608
  -12.81599471]
 [ -1.89903533  -2.50095955  -4.84530604 ...,  -2.22251857  -2.13985469
   -9.26842522]
 [ -7.6945517   -4.73757678  -2.39318698 ...,  -5.59312365  -1.99286289
   -0.52166306]
 ..., 
 [ -0.16569526  -2.16199713  -5.64033148 ...,  -2.43628647  -0.73430964
   -9.82155152]
 [ -1.73036532  -1.99465962  -1.95539708 ...,  -0.649636    -2.16494238
   -4.7089766 ]
 [-12.78699343  -9.17698963  -0.53795672 ...,  -9.79063736  -4.76273607
   -2.40952396]]
[[ -2.44523984  -1.84333109  -7.74658797 ...,  -0.17050926  -1.8198561
  -12.82274571]
 [ -1.89935057  -2.50127593  -4.84562689 ...,  -2.22283442  -2.14017038
   -9.26875451]
 [ -7.69460982  -4.73762926  -2.39325665 ...,  -5.59317777  -1.99291013
   -0.5217075 ]
 ..., 
 [ -0.20470804  -2.20101372  -5.6793547  ...,  -2.47737941  -0.7733235
   -9.86058271]
 [ -2.16992348  -2.43421828  -2.39495566 ...,  -1.0891921   -2.21989616
   -5.14854043]
 [-12.78712518  -9.1771145   -0.53806512 ...,  -9.7907634   -4.76285252
   -2.40963592]]
[[ -2.45195891  -1.85004128  -7.75330379 ...,  -0.17721786  -1.82656627
  -12.82946638]
 [ -1.89952101  -2.50144695  -4.84580014 ...,  -2.22300517  -2.14034105
   -9.26893198]
 [ -7.69464147  -4.73765809  -2.39329407 ...,  -5.59320741  -1.99293635
   -0.52173231]
 ..., 
 [ -0.23772092  -2.2340285   -5.7123728  ...,  -2.51143237  -0.80633692
   -9.8936048 ]
 [ -1.83185777  -2.09615282  -2.05689016 ...,  -0.75112535  -2.16954488
   -4.81047756]
 [-12.78719475  -9.17718063  -0.53812301 ...,  -9.79083011  -4.76291444
   -2.40969559]]
[[ -2.45699103  -1.85506896  -7.75833429 ...,  -0.18224473  -1.83159394
  -12.83449929]
 [ -1.89961265  -2.50153887  -4.84589319 ...,  -2.22309696  -2.1404328
   -9.26902713]
 [ -7.69465859  -4.7376738   -2.39331408 ...,  -5.59322353  -1.99295075
   -0.52174601]
 ..., 
 [ -0.2609806   -2.25728914  -5.73563509 ...,  -2.53521209  -0.82959687
   -9.91686909]
 [ -1.71587571  -1.98017089  -1.94090822 ...,  -0.63514278  -2.19742004
   -4.69449693]
 [-12.78723139  -9.17721554  -0.5381538  ...,  -9.79086532  -4.76294725
   -2.40972728]]
[[ -2.46034338  -1.85841909  -7.76168582 ...,  -0.18559446  -1.83494406
  -12.83785204]
 [ -1.89966167  -2.50158804  -4.84594291 ...,  -2.22314606  -2.14048189
   -9.26907792]
 [ -7.6946678   -4.73768231  -2.39332473 ...,  -5.59323224  -1.9929586
   -0.52175351]
 ..., 
 [ -0.27598707  -2.27229608  -5.75064286 ...,  -2.55047858  -0.84460347
   -9.93187785]
 [ -2.26008039  -2.52437563  -2.48511295 ...,  -1.17934721  -2.28015972
   -5.23870232]
 [-12.78725063  -9.17723392  -0.53817012 ...,  -9.79088384  -4.76296458
   -2.40974405]]
[[ -2.4624377   -1.8605123   -7.76377973 ...,  -0.18768747  -1.83703727
  -12.83994656]
 [ -1.89968779  -2.50161423  -4.84596938 ...,  -2.22317222  -2.14050803
   -9.26910491]
 [ -7.69467273  -4.73768688  -2.39333037 ...,  -5.59323692  -1.99296285
   -0.52175758]
 ..., 
 [ -0.28517861  -2.28148786  -5.75983506 ...,  -2.55980013  -0.85379508
   -9.94107055]
 [ -1.96749282  -2.2317881   -2.19252541 ...,  -0.88675951  -2.29023326
   -4.9461151 ]
 [-12.78726071  -9.17724357  -0.53817874 ...,  -9.79089357  -4.7629737
   -2.40975289]]
[[ -2.46369393  -1.86176797  -7.76503576 ...,  -0.18894305  -1.83829294
  -12.84120289]
 [ -1.89970165  -2.50162812  -4.84598342 ...,  -2.2231861   -2.14052191
   -9.26911921]
 [ -7.69467535  -4.73768933  -2.39333336 ...,  -5.59323942  -1.99296513
   -0.52175978]
 ..., 
 [ -0.29061854  -2.2869279   -5.76527531 ...,  -2.56530506  -0.85923504
   -9.94651105]
 [ -1.84206574  -2.10636103  -2.06709834 ...,  -0.76133236  -2.31613673
   -4.8206882 ]
 [-12.78726598  -9.17724863  -0.53818328 ...,  -9.79089866  -4.7629785
   -2.40975754]]
[[ -2.46442658  -1.86250035  -7.76576831 ...,  -0.18967538  -1.83902532
  -12.84193559]
 [ -1.89970898  -2.50163547  -4.84599083 ...,  -2.22319344  -2.14052924
   -9.26912676]
 [ -7.69467675  -4.73769064  -2.39333493 ...,  -5.59324075  -1.99296636
   -0.52176096]
 ..., 
 [ -0.29376058  -2.29007     -5.76841751 ...,  -2.5684796   -0.8623771
   -9.94965338]
 [ -1.83738142  -2.10167672  -2.06241403 ...,  -0.75664801  -2.33952182
   -4.81600397]
 [-12.78726874  -9.17725128  -0.53818567 ...,  -9.79090132  -4.76298101
   -2.40975999]]
[[ -2.46484517  -1.8629188   -7.76618686 ...,  -0.19009381  -1.83944377
  -12.84235421]
 [ -1.89971285  -2.50163935  -4.84599474 ...,  -2.22319731  -2.14053311
   -9.26913074]
 [ -7.69467749  -4.73769133  -2.39333576 ...,  -5.59324145  -1.99296701
   -0.52176159]
 ..., 
 [ -0.29554264  -2.29185209  -5.77019966 ...,  -2.57027792  -0.86415917
   -9.95143558]
 [ -1.79266007  -2.05695537  -2.01769268 ...,  -0.71192664  -2.35643104
   -4.77128266]
 [-12.78727017  -9.17725266  -0.53818692 ...,  -9.79090271  -4.76298232
   -2.40976127]]
[[ -2.46508061  -1.86315417  -7.76642226 ...,  -0.19032916  -1.83967913
  -12.84258965]
 [ -1.89971488  -2.50164138  -4.8459968  ...,  -2.22319934  -2.14053515
   -9.26913282]
 [ -7.69467787  -4.7376917   -2.3933362  ...,  -5.59324183  -1.99296736
   -0.52176192]
 ..., 
 [ -0.29653919  -2.29284866  -5.77119625 ...,  -2.57128259  -0.86515572
   -9.9524322 ]
 [ -1.78165705  -2.04595236  -2.00668967 ...,  -0.70092362  -2.37624331
   -4.76027967]
 [-12.78727092  -9.17725337  -0.53818758 ...,  -9.79090344  -4.76298301
   -2.40976193]]
[[ -2.46468543  -1.86275895  -7.76602707 ...,  -0.18993394  -1.83928392
  -12.84219448]
 [ -1.89971595  -2.50164245  -4.84599788 ...,  -2.22320041  -2.14053621
   -9.26913392]
 [ -7.69467808  -4.73769189  -2.39333642 ...,  -5.59324202  -1.99296754
   -0.5217621 ]
 ..., 
 [ -0.29709022  -2.2933997   -5.7717473  ...,  -2.57183769  -0.86570676
   -9.95298327]
 [ -1.76871039  -2.03300569  -1.99374301 ...,  -0.68797695  -2.37870429
   -4.74733302]
 [-12.7872713   -9.17725375  -0.53818792 ...,  -9.79090381  -4.76298337
   -2.40976228]]
[[ -2.46361473  -1.86168824  -7.76495637 ...,  -0.18886322  -1.83821321
  -12.84112379]
 [ -1.8997165   -2.50164301  -4.84599844 ...,  -2.22320097  -2.14053677
   -9.26913449]
 [ -7.69467819  -4.73769199  -2.39333654 ...,  -5.59324213  -1.99296764
   -0.5217622 ]
 ..., 
 [ -0.29739212  -2.2937016   -5.77204921 ...,  -2.57214162  -0.86600866
   -9.95328519]
 [ -1.76725831  -2.03155362  -1.99229093 ...,  -0.68652487  -2.38495603
   -4.74588094]
 [-12.7872715   -9.17725394  -0.5381881  ...,  -9.79090401  -4.76298355
   -2.40976246]]
[[ -2.46229955  -1.86037305  -7.76364118 ...,  -0.18754803  -1.83689801
  -12.8398086 ]
 [ -1.8997168   -2.5016433   -4.84599873 ...,  -2.22320126  -2.14053707
   -9.26913479]
 [ -7.69467824  -4.73769204  -2.3933366  ...,  -5.59324218  -1.99296769
   -0.52176225]
 ..., 
 [ -0.29292834  -2.28923782  -5.76758543 ...,  -2.56767885  -0.86154488
   -9.94882141]
 [ -1.76310533  -2.02740063  -1.98813794 ...,  -0.68237188  -2.38465496
   -4.74172796]
 [-12.78727161  -9.17725404  -0.53818819 ...,  -9.79090411  -4.76298365
   -2.40976256]]
[[ -2.46106291  -1.85913641  -7.76240454 ...,  -0.18631139  -1.83566137
  -12.83857197]
 [ -1.89971695  -2.50164346  -4.84599889 ...,  -2.22320141  -2.14053722
   -9.26913494]
 [ -7.69467827  -4.73769207  -2.39333664 ...,  -5.59324221  -1.99296771
   -0.52176227]
 ..., 
 [ -0.25872238  -2.25503187  -5.73337948 ...,  -2.5334734   -0.82733892
   -9.91461547]
 [ -1.79006627  -2.05436157  -2.01509888 ...,  -0.70933282  -2.41354185
   -4.7686889 ]
 [-12.78727166  -9.17725409  -0.53818824 ...,  -9.79090416  -4.7629837
   -2.40976261]]
[[ -2.46005177  -1.85812526  -7.7613934  ...,  -0.18530024  -1.83465023
  -12.83756083]
 [ -1.89971703  -2.50164354  -4.84599897 ...,  -2.22320149  -2.1405373
   -9.26913502]
 [ -7.69467829  -4.73769209  -2.39333665 ...,  -5.59324223  -1.99296773
   -0.52176228]
 ..., 
 [ -0.20322803  -2.19953751  -5.67788513 ...,  -2.4779793   -0.77184457
   -9.85912111]
 [ -1.81806545  -2.08236076  -2.04309807 ...,  -0.73733201  -2.44250402
   -4.79668809]
 [-12.78727169  -9.17725412  -0.53818826 ...,  -9.79090419  -4.76298372
   -2.40976263]]
[[ -2.46112812  -1.85920161  -7.76246975 ...,  -0.18637659  -1.83572658
  -12.83863718]
 [ -1.89971707  -2.50164358  -4.84599901 ...,  -2.22320153  -2.14053734
   -9.26913507]
 [ -7.6946783   -4.7376921   -2.39333666 ...,  -5.59324223  -1.99296773
   -0.52176229]
 ..., 
 [ -0.17548123  -2.17179071  -5.65013833 ...,  -2.45023263  -0.74409777
   -9.83137431]
 [ -1.8393244   -2.10361971  -2.06435702 ...,  -0.75859096  -2.46424446
   -4.81794704]
 [-12.7872717   -9.17725414  -0.53818827 ...,  -9.7909042   -4.76298374
   -2.40976265]]
[[ -2.46245725  -1.86053074  -7.76379888 ...,  -0.18770572  -1.83705571
  -12.83996631]
 [ -1.89971709  -2.5016436   -4.84599903 ...,  -2.22320156  -2.14053736
   -9.26913509]
 [ -7.6946783   -4.7376921   -2.39333667 ...,  -5.59324224  -1.99296774
   -0.5217623 ]
 ..., 
 [ -0.16160802  -2.1579175   -5.63626512 ...,  -2.43635948  -0.73022456
   -9.8175011 ]
 [ -1.85358356  -2.11787886  -2.07861617 ...,  -0.77285011  -2.47874435
   -4.83220619]
 [-12.78727171  -9.17725414  -0.53818828 ...,  -9.79090421  -4.76298374
   -2.40976265]]
[[ -2.4635173   -1.86159079  -7.76485893 ...,  -0.18876577  -1.83811576
  -12.84102636]
 [ -1.8997171   -2.50164361  -4.84599904 ...,  -2.22320157  -2.14053737
   -9.2691351 ]
 [ -7.6946783   -4.7376921   -2.39333667 ...,  -5.59324224  -1.99296774
   -0.5217623 ]
 ..., 
 [ -0.1546715   -2.15098099  -5.6293286  ...,  -2.429423    -0.72328805
   -9.81056459]
 [ -1.86252797  -2.12682328  -2.08756059 ...,  -0.78179453  -2.48780914
   -4.84115061]
 [-12.78727171  -9.17725415  -0.53818828 ...,  -9.79090421  -4.76298375
   -2.40976266]]
[[ -2.46424506  -1.86231855  -7.76558669 ...,  -0.18949353  -1.83884352
  -12.84175412]
 [ -1.89971711  -2.50164362  -4.84599905 ...,  -2.22320157  -2.14053738
   -9.26913511]
 [ -7.6946783   -4.7376921   -2.39333667 ...,  -5.59324224  -1.99296774
   -0.5217623 ]
 ..., 
 [ -0.1512033   -2.14751278  -5.6258604  ...,  -2.42595481  -0.71981984
   -9.80709638]
 [ -1.8679076   -2.1322029   -2.09294021 ...,  -0.78717415  -2.49324896
   -4.84653024]
 [-12.78727172  -9.17725415  -0.53818829 ...,  -9.79090422  -4.76298375
   -2.40976266]]
[[ -2.46470781  -1.8627813   -7.76604945 ...,  -0.18995628  -1.83930627
  -12.84221687]
 [ -1.89971711  -2.50164362  -4.84599905 ...,  -2.22320157  -2.14053738
   -9.26913511]
 [ -7.6946783   -4.7376921   -2.39333667 ...,  -5.59324224  -1.99296774
   -0.5217623 ]
 ..., 
 [ -0.14946921  -2.1457787   -5.62412632 ...,  -2.42422074  -0.71808576
   -9.8053623 ]
 [ -1.87105113  -2.13534643  -2.09608374 ...,  -0.79031768  -2.49642257
   -4.84967376]
 [-12.78727172  -9.17725415  -0.53818829 ...,  -9.79090422  -4.76298375
   -2.40976266]]
[[ -2.46498862  -1.86306212  -7.76633026 ...,  -0.19023709  -1.83958708
  -12.84249768]
 [ -1.89971711  -2.50164362  -4.84599905 ...,  -2.22320158  -2.14053738
   -9.26913511]
 [ -7.6946783   -4.7376921   -2.39333667 ...,  -5.59324224  -1.99296774
   -0.5217623 ]
 ..., 
 [ -0.14860219  -2.14491167  -5.62325929 ...,  -2.42335371  -0.71721873
   -9.80449527]
 [ -1.87284974  -2.13714504  -2.09788235 ...,  -0.7921163   -2.49823624
   -4.85147238]
 [-12.78727172  -9.17725415  -0.53818829 ...,  -9.79090422  -4.76298375
   -2.40976266]]
[[ -2.46515375  -1.86322724  -7.76649538 ...,  -0.19040222  -1.83975221
  -12.84266281]
 [ -1.89971711  -2.50164362  -4.84599905 ...,  -2.22320158  -2.14053738
   -9.26913511]
 [ -7.6946783   -4.7376921   -2.39333667 ...,  -5.59324224  -1.99296774
   -0.5217623 ]
 ..., 
 [ -0.14816868  -2.14447816  -5.62282578 ...,  -2.42292021  -0.71678522
   -9.80406177]
 [ -1.87386248  -2.13815778  -2.09889509 ...,  -0.79312903  -2.4992565
   -4.85248511]
 [-12.78727172  -9.17725415  -0.53818829 ...,  -9.79090422  -4.76298375
   -2.40976266]]
[[ -2.46524867  -1.86332216  -7.7665903  ...,  -0.19049714  -1.83984713
  -12.84275773]
 [ -1.89971711  -2.50164362  -4.84599905 ...,  -2.22320158  -2.14053738
   -9.26913511]
 [ -7.6946783   -4.7376921   -2.39333667 ...,  -5.59324224  -1.99296774
   -0.5217623 ]
 ..., 
 [ -0.14795193  -2.14426141  -5.62260903 ...,  -2.42270346  -0.71656847
   -9.80384501]
 [ -1.87442556  -2.13872086  -2.09945817 ...,  -0.79369211  -2.49982334
   -4.85304819]
 [-12.78727172  -9.17725415  -0.53818829 ...,  -9.79090422  -4.76298375
   -2.40976266]]
[[ -2.46530231  -1.8633758   -7.76664394 ...,  -0.19055078  -1.83990077
  -12.84281137]
 [ -1.89971711  -2.50164362  -4.84599905 ...,  -2.22320158  -2.14053738
   -9.26913511]
 [ -7.6946783   -4.7376921   -2.39333667 ...,  -5.59324224  -1.99296774
   -0.5217623 ]
 ..., 
 [ -0.14784355  -2.14415304  -5.62250065 ...,  -2.42259508  -0.71646009
   -9.80373664]
 [ -1.87473546  -2.13903076  -2.09976807 ...,  -0.79400201  -2.50013512
   -4.85335809]
 [-12.78727172  -9.17725415  -0.53818829 ...,  -9.79090422  -4.76298375
   -2.40976266]]
[[ -2.46533222  -1.86340571  -7.76667385 ...,  -0.19058069  -1.83993067
  -12.84284128]
 [ -1.89971711  -2.50164362  -4.84599905 ...,  -2.22320158  -2.14053738
   -9.26913511]
 [ -7.6946783   -4.7376921   -2.39333667 ...,  -5.59324224  -1.99296774
   -0.5217623 ]
 ..., 
 [ -0.14778937  -2.14409885  -5.62244647 ...,  -2.4225409   -0.71640591
   -9.80368245]
 [ -1.87490458  -2.13919989  -2.0999372  ...,  -0.79417114  -2.50030519
   -4.85352722]
 [-12.78727172  -9.17725415  -0.53818829 ...,  -9.79090422  -4.76298375
   -2.40976266]]
[[ -2.46534872  -1.86342221  -7.76669035 ...,  -0.19059719  -1.83994717
  -12.84285777]
 [ -1.89971711  -2.50164362  -4.84599905 ...,  -2.22320158  -2.14053738
   -9.26913511]
 [ -7.6946783   -4.7376921   -2.39333667 ...,  -5.59324224  -1.99296774
   -0.5217623 ]
 ..., 
 [ -0.14776227  -2.14407176  -5.62241937 ...,  -2.4225138   -0.71637882
   -9.80365536]
 [ -1.87499624  -2.13929154  -2.10002885 ...,  -0.79426279  -2.50039731
   -4.85361887]
 [-12.78727172  -9.17725415  -0.53818829 ...,  -9.79090422  -4.76298375
   -2.40976266]]
[[ -2.46535774  -1.86343123  -7.76669937 ...,  -0.19060621  -1.8399562
  -12.8428668 ]
 [ -1.89971711  -2.50164362  -4.84599905 ...,  -2.22320158  -2.14053738
   -9.26913511]
 [ -7.6946783   -4.7376921   -2.39333667 ...,  -5.59324224  -1.99296774
   -0.5217623 ]
 ..., 
 [ -0.14774873  -2.14405821  -5.62240583 ...,  -2.42250026  -0.71636527
   -9.80364181]
 [ -1.87504561  -2.13934091  -2.10007822 ...,  -0.79431216  -2.50044691
   -4.85366824]
 [-12.78727172  -9.17725415  -0.53818829 ...,  -9.79090422  -4.76298375
   -2.40976266]]
[[ -2.46536264  -1.86343613  -7.76670427 ...,  -0.19061111  -1.83996109
  -12.84287169]
 [ -1.89971711  -2.50164362  -4.84599905 ...,  -2.22320158  -2.14053738
   -9.26913511]
 [ -7.6946783   -4.7376921   -2.39333667 ...,  -5.59324224  -1.99296774
   -0.5217623 ]
 ..., 
 [ -0.14774195  -2.14405144  -5.62239905 ...,  -2.42249348  -0.7163585
   -9.80363504]
 [ -1.87507207  -2.13936737  -2.10010468 ...,  -0.79433862  -2.50047349
   -4.8536947 ]
 [-12.78727172  -9.17725415  -0.53818829 ...,  -9.79090422  -4.76298375
   -2.40976266]]
[[ -2.46536528  -1.86343877  -7.76670691 ...,  -0.19061375  -1.83996374
  -12.84287434]
 [ -1.89971711  -2.50164362  -4.84599905 ...,  -2.22320158  -2.14053738
   -9.26913511]
 [ -7.6946783   -4.7376921   -2.39333667 ...,  -5.59324224  -1.99296774
   -0.5217623 ]
 ..., 
 [ -0.14773857  -2.14404805  -5.62239567 ...,  -2.4224901   -0.71635511
   -9.80363166]
 [ -1.87508618  -2.13938148  -2.10011879 ...,  -0.79435273  -2.50048766
   -4.85370882]
 [-12.78727172  -9.17725415  -0.53818829 ...,  -9.79090422  -4.76298375
   -2.40976266]]
[[ -2.46536669  -1.86344019  -7.76670833 ...,  -0.19061516  -1.83996515
  -12.84287575]
 [ -1.89971711  -2.50164362  -4.84599905 ...,  -2.22320158  -2.14053738
   -9.26913511]
 [ -7.6946783   -4.7376921   -2.39333667 ...,  -5.59324224  -1.99296774
   -0.5217623 ]
 ..., 
 [ -0.14773687  -2.14404636  -5.62239397 ...,  -2.4224884   -0.71635342
   -9.80362996]
 [ -1.87509368  -2.13938898  -2.10012629 ...,  -0.79436024  -2.50049519
   -4.85371632]
 [-12.78727172  -9.17725415  -0.53818829 ...,  -9.79090422  -4.76298375
   -2.40976266]]
