1
INT
NO
86
343
484
262
306
25
216
398
183
171
344
139
114
431
367
276
85
439
448
206
142
155
116
218
432
214
10
356
75
72
456
269
440
17
117
406
361
66
201
135
27
127
5
12
66
327
331
261
58
432
459
132
180
364
268
325
450
80
263
242
17
201
121
277
96
176
288
184
417
32
6
467
207
235
289
444
71
84
80
331
52
461
430
453
48
233
418
193
252
410
305
399
112
306
416
89
378
443
453
484
133
88
490
107
420
41
241
395
59
97
8
190
173
299
405
373
97
151
213
389
249
428
217
266
135
425
271
482
275
345
164
39
400
363
454
486
243
332
183
305
18
460
30
303
452
272
186
371
48
251
9
271
53
493
232
308
340
108
137
258
453
200
95
355
10
219
245
150
451
179
454
434
4
269
74
432
130
438
479
426
38
202
75
472
49
264
98
498
158
85
201
175
154
360
93
287
211
489
157
409
475
166
334
255
379
303
17
300
93
59
180
445
482
444
439
72
61
116
447
462
367
72
280
286
428
121
237
50
101
331
254
291
250
494
453
40
215
438
10
373
408
443
366
36
451
485
449
433
125
375
392
220
347
447
302
35
96
309
106
228
197
199
23
157
64
462
24
213
464
227
42
205
295
266
162
268
33
85
169
358
477
326
66
313
359
32
280
422
214
460
169
455
212
128
130
483
421
129
190
303
268
344
171
406
454
333
8
333
379
106
480
390
277
292
299
95
137
156
255
107
371
493
196
84
350
190
370
181
32
244
413
54
385
213
473
480
121
143
190
435
435
415
191
103
106
292
145
453
322
22
203
466
311
240
227
316
488
83
422
235
214
38
455
278
122
178
2
24
373
139
84
112
405
5
77
28
405
227
95
154
69
50
180
241
327
140
391
4
327
405
465
93
394
106
411
329
341
61
497
477
418
93
258
259
88
377
304
465
172
481
407
437
4
320
11
373
302
328
4
446
87
73
16
275
464
113
429
306
162
424
367
151
362
458
403
150
281
313
427
386
63
339
310
207
221
352
299
252
191
82
119
458
373
477
243
147
476
58
61
149
333
197
89
3
81
47
456
299
230
200
75
419
302
55
19
444
280
68
358
340
357
1
16
363
142
173
17
477
409
283
65
184
6
58
198
333
471
491
152
245
493
215
106
405
178
221
78
472
209
154
180
332
29
296
154
182
381
142
459
132
155
116
211
87
21
373
16
59
451
188
23
195
40
466
273
465
418
362
493
315
129
447
203
64
464
161
446
75
250
72
22
267
57
207
410
494
45
218
475
354
118
479
249
322
429
304
227
58
487
322
250
489
189
481
297
199
390
25
53
192
22
398
324
65
322
66
354
277
389
246
175
420
161
42
456
115
417
148
180
60
478
130
278
284
409
447
179
242
341
137
145
22
148
34
202
190
386
221
413
371
366
355
275
163
199
8
417
100
19
328
43
250
388
415
306
311
107
467
451
30
56
244
215
330
21
184
135
369
90
73
478
479
241
30
145
9
252
303
389
190
59
485
402
389
49
467
189
9
231
44
282
356
275
394
276
427
158
46
157
346
99
129
398
346
377
202
216
464
438
306
290
283
428
123
225
63
262
142
288
494
425
214
63
150
470
108
289
427
84
210
499
377
60
441
487
251
317
247
257
164
208
388
154
241
458
484
101
461
30
208
284
250
75
357
482
279
156
180
475
131
452
450
420
156
444
463
143
261
198
243
388
323
224
464
274
221
63
349
51
57
218
244
40
174
147
426
241
77
437
463
271
264
435
445
72
399
207
323
307
139
303
482
262
400
402
446
5
67
54
38
308
126
182
356
236
152
190
27
226
357
74
434
155
344
374
202
497
364
54
15
345
287
257
263
240
59
354
382
422
82
411
293
354
71
295
464
232
406
73
272
8
275
153
489
116
76
162
134
184
264
476
469
159
297
314
15
33
86
269
229
465
431
357
438
192
213
353
496
223
90
214
381
259
281
446
310
134
319
426
187
193
100
457
126
237
357
161
69
113
426
292
61
438
307
362
262
87
471
433
175
301
151
136
449
401
187
329
268
313
481
35
375
451
134
111
382
30
273
335
285
313
458
88
348
70
497
313
123
163
161
34
277
394
127
273
135
156
173
301
75
97
345
213
11
293
130
104
416
155
153
52
130
126
228
115
478
86
1
352
467
245
476
337
31
494
386
401
27
153
437
250
101
361
239
122
90
469
447
414
368
467
41
71
464
240
29
432
279
106
211
493
149
192
106
276
243
193
376
277
385
468
418
266
319
367
449
149
127
378
495
345
44
246
100
310
53
258
360
348
296
12
289
13
206
495
37
243
50
90
60
94
471
404
466
40
65
183
332
225
166
30
144
203
13
213
54
460
30
414
303
440
27
248
69
67
50
397
228
164
273
163
228
21
432
176
400
169
71
11
70
404
34
351
398
24
206
32
183
127
424
273
82
262
3
484
306
402
228
209
216
471
19
236
52
358
56
118
103
331
350
93
449
441
447
234
487
389
340
178
431
173
81
440
109
66
221
99
461
324
373
128
186
208
421
421
272
72
111
26
118
487
290
280
161
134
156
351
213
130
352
269
250
203
487
35
15
374
460
11
252
365
78
403
237
384
359
413
468
342
425
259
438
460
411
90
19
228
107
494
53
164
424
418
325
381
201
177
414
165
442
214
497
355
385
405
179
303
465
155
238
119
215
467
310
212
449
53
497
62
250
387
425
64
456
56
283
419
359
15
92
486
48
83
196
280
45
38
178
171
37
494
185
188
50
347
95
165
316
174
93
158
410
21
146
280
384
347
300
78
456
222
35
480
43
44
209
87
103
415
322
414
343
285
223
484
134
50
392
149
91
424
215
464
374
154
492
416
204
246
273
323
370
396
288
192
67
15
135
278
252
245
365
49
107
121
273
109
116
236
245
343
222
217
34
142
187
428
199
38
148
387
283
255
180
127
286
260
359
23
474
319
182
11
109
476
421
298
489
131
244
473
23
443
497
448
414
367
349
354
319
238
257
235
415
63
398
355
370
5
194
155
141
335
430
461
174
69
143
331
457
190
450
396
133
21
434
476
86
44
66
258
478
118
361
347
127
480
276
85
378
367
28
119
187
123
439
3
419
356
291
326
366
18
163
120
470
254
313
278
196
148
146
51
42
169
94
99
77
109
350
368
153
6
217
204
386
482
357
71
471
268
424
480
150
57
135
275
464
97
364
384
275
189
98
483
371
272
355
43
172
52
268
56
68
289
62
436
420
147
322
92
348
434
96
239
230
43
288
52
117
70
35
362
46
83
326
348
439
387
218
112
419
403
396
385
250
167
129
71
485
187
261
485
479
441
137
397
220
418
311
326
385
65
494
112
308
92
154
262
325
273
185
460
461
430
253
42
432
269
417
409
435
96
143
167
41
330
8
449
21
256
98
280
458
380
197
290
496
253
81
338
188
290
408
468
473
373
403
192
477
475
379
266
199
145
423
165
25
283
451
120
119
459
100
170
475
260
246
276
175
207
183
263
311
351
86
438
63
99
493
212
385
147
233
215
414
155
70
208
102
460
204
228
166
110
464
408
85
230
26
400
443
189
275
195
38
18
243
256
390
158
488
74
147
182
377
233
99
192
132
171
181
346
45
177
430
270
52
455
80
371
73
19
253
371
117
366
472
135
3
223
211
283
44
360
124
382
393
379
97
398
142
40
208
200
467
192
71
497
391
6
387
55
94
373
127
210
477
500
291
478
265
223
170
112
96
199
337
268
51
395
210
473
149
387
347
380
468
31
217
358
455
35
315
391
269
43
227
169
451
73
37
100
364
291
35
383
408
247
404
176
407
282
312
1
427
447
406
222
93
465
362
131
92
373
455
370
481
393
497
141
382
224
141
129
402
101
433
357
177
371
273
143
450
92
433
78
492
17
8
71
382
137
5
293
493
230
42
492
166
30
113
403
268
47
175
398
371
366
306
258
439
90
476
339
493
284
88
314
462
396
45
50
167
417
287
70
82
294
348
108
419
364
415
462
235
191
206
50
404
29
15
49
57
367
475
395
218
308
267
391
203
331
414
242
461
393
495
459
151
297
391
204
217
335
485
221
367
44
119
343
356
59
218
28
323
415
229
119
368
491
24
128
333
206
4
488
251
279
190
298
466
194
157
130
114
189
192
323
52
54
235
434
205
148
388
34
76
456
443
211
22
384
354
27
222
94
476
205
360
230
379
78
374
157
100
101
431
78
13
290
408
258
132
148
462
376
223
418
415
482
474
234
113
434
364
24
5
255
436
395
441
469
468
268
168
276
470
147
451
193
486
472
451
319
279
320
407
268
405
262
103
259
289
355
354
245
454
4
23
34
247
91
136
297
218
5
86
97
422
285
182
323
415
130
56
371
429
226
54
61
125
53
158
390
170
282
390
382
476
197
115
428
252
294
8
213
109
42
474
24
79
401
314
210
127
15
464
392
418
355
249
217
113
11
430
476
400
326
496
147
400
466
241
36
65
53
78
368
315
483
363
68
450
39
123
250
246
261
131
292
223
458
366
407
410
261
144
327
73
427
9
34
214
487
364
419
317
491
486
30
485
255
399
223
365
184
236
382
201
198
40
148
112
55
32
209
97
332
157
484
227
391
320
387
408
170
288
103
383
361
230
92
361
56
135
409
496
372
428
218
66
287
170
255
472
225
153
460
234
467
462
193
224
65
83
75
406
5
370
488
167
472
252
325
234
85
393
219
431
454
167
411
77
112
74
172
212
301
118
456
161
122
142
142
293
172
173
30
50
66
363
223
483
404
320
49
493
313
318
97
327
107
384
459
449
397
247
110
232
93
127
188
495
94
108
226
46
351
141
257
13
212
138
176
46
490
374
288
162
105
110
351
128
162
55
344
341
360
398
484
86
17
16
206
281
453
378
408
60
436
126
234
29
392
66
22
367
331
182
394
147
311
390
4
169
371
115
392
79
23
323
406
308
473
469
220
155
440
356
278
154
168
62
146
214
209
217
357
47
413
249
460
75
334
472
318
259
449
341
396
187
162
95
143
193
492
420
422
292
221
209
184
240
60
145
348
500
144
292
65
403
236
63
377
123
418
408
454
61
335
250
486
365
59
221
62
65
207
147
147
328
374
238
365
111
160
397
36
44
196
427
196
208
478
186
164
260
120
257
107
57
238
250
369
274
202
426
40
12
36
498
166
58
361
435
195
154
179
231
348
119
177
316
181
18
122
106
469
178
105
429
336
39
401
471
111
97
411
377
466
318
76
239
489
231
287
297
294
54
222
276
372
223
463
125
125
256
206
453
464
418
463
477
76
319
103
484
78
495
486
50
407
225
225
362
358
73
452
2
443
264
443
28
78
335
60
122
145
423
453
194
225
137
478
310
338
166
66
433
254
154
19
269
49
223
170
350
308
16
266
497
222
452
463
349
308
194
174
42
495
108
307
198
55
238
427
330
374
125
165
377
332
313
401
293
276
492
457
68
14
71
358
445
189
423
110
424
82
219
260
56
331
373
80
424
399
459
474
240
49
152
453
145
72
212
275
25
492
104
129
213
394
268
207
111
466
447
425
72
44
362
211
359
12
466
188
116
302
281
346
56
483
70
23
173
498
414
451
391
77
366
467
412
239
284
430
346
306
356
165
263
85
59
140
459
158
153
71
274
29
11
448
318
174
429
379
152
332
219
397
24
182
380
459
9
414
395
158
8
71
493
347
114
181
209
440
240
337
383
32
462
378
186
344
298
146
300
53
187
24
340
257
59
446
203
326
180
446
255
282
371
10
360
154
229
7
1
169
394
63
370
235
439
63
28
302
341
454
233
25
368
327
341
310
309
197
260
323
314
275
359
374
142
266
180
345
490
241
117
365
150
249
368
367
18
200
255
194
169
138
332
195
315
411
328
251
289
414
197
409
168
440
475
397
398
343
256
244
414
85
58
311
144
49
139
452
368
321
84
330
491
339
392
306
3
166
253
171
333
357
436
364
44
241
340
33
354
492
142
444
285
177
470
429
14
407
85
214
215
370
98
106
201
207
458
489
188
49
319
117
1
440
226
30
270
333
499
489
209
249
238
54
328
210
126
137
78
124
181
400
281
273
445
37
56
57
494
397
265
338
178
372
284
105
264
70
233
49
446
192
110
78
93
155
223
268
406
200
221
214
356
29
294
481
430
117
244
133
79
119
413
11
434
156
353
43
93
487
199
273
175
45
462
116
46
436
18
331
415
55
219
108
241
307
397
147
322
115
3
332
328
244
160
418
496
178
142
128
244
469
95
355
107
91
313
388
107
325
201
310
15
484
470
72
296
244
424
70
13
378
98
388
469
270
197
268
174
145
255
387
480
68
271
354
360
276
139
48
203
282
487
420
342
481
19
177
173
199
458
287
446
385
103
298
255
483
324
320
323
405
45
297
393
372
17
162
465
327
79
244
253
144
210
253
27
188
82
411
2
204
419
103
181
90
253
443
95
44
242
62
153
162
315
199
262
435
438
87
381
379
17
341
125
40
231
346
226
280
274
54
252
290
108
379
261
269
24
219
445
492
478
341
79
389
32
289
202
498
360
386
298
261
128
232
295
324
206
484
328
486
281
188
13
279
80
500
189
351
155
8
168
156
354
140
244
441
345
245
133
488
97
424
253
440
369
75
381
118
348
25
94
250
419
265
78
98
218
438
138
123
446
473
37
278
207
170
119
383
54
144
396
41
136
14
1
430
324
496
19
452
295
210
438
224
200
217
334
349
128
110
207
190
185
320
297
276
239
484
88
80
321
326
463
419
88
303
456
411
312
261
269
22
130
429
65
179
336
196
130
3
139
349
256
441
274
7
451
270
171
136
377
313
354
382
298
205
252
325
174
484
94
79
462
293
6
469
307
180
317
383
330
29
196
90
1
304
386
236
278
104
197
78
114
90
333
194
487
221
386
217
98
93
109
170
169
242
209
229
272
301
398
253
449
72
467
342
422
425
13
139
82
23
366
328
479
422
411
439
4
333
411
263
17
128
61
362
114
308
190
251
402
237
132
476
38
5
129
66
156
422
274
492
177
436
307
210
10
45
117
143
217
480
456
140
418
235
139
344
482
315
30
15
229
302
283
291
387
296
105
468
39
343
88
338
335
250
198
196
351
412
455
99
183
224
81
349
403
110
107
46
195
253
274
179
200
404
430
54
8
207
198
392
457
366
326
171
394
270
82
281
443
492
71
201
392
355
211
438
239
244
166
41
482
62
15
183
180
453
30
63
214
331
251
299
198
237
485
336
199
303
133
67
58
289
54
375
299
226
446
439
261
111
355
453
405
98
461
111
439
425
229
384
404
246
102
219
226
162
261
479
134
299
101
308
466
410
240
139
494
455
201
431
402
405
123
392
118
251
353
115
224
230
46
105
114
74
425
324
470
169
195
198
86
91
341
1
1
6
87
333
334
342
488
440
141
40
385
418
115
159
86
208
219
167
427
21
335
226
188
142
344
83
373
138
455
26
374
67
338
109
416
272
115
337
30
315
490
129
371
63
296
154
314
483
344
362
300
482
198
159
385
57
365
129
416
42
444
396
293
477
240
9
236
111
437
389
17
473
329
9
329
208
245
184
123
152
33
268
113
269
169
346
282
471
427
160
231
326
337
19
24
282
473
383
103
498
23
85
271
434
116
10
403
400
129
158
227
275
426
245
272
52
239
482
104
306
420
340
238
164
455
344
468
371
477
345
105
364
155
350
127
142
52
246
126
324
32
29
264
481
368
421
383
269
14
156
467
327
330
1
206
68
314
287
178
168
381
136
255
467
279
16
151
326
223
196
56
37
39
436
249
351
418
184
393
74
449
107
381
103
62
356
271
352
347
426
94
92
120
11
335
214
175
30
288
186
85
52
432
119
80
447
330
232
198
52
342
372
79
114
311
142
346
398
413
382
149
397
337
145
353
171
63
48
368
342
182
488
37
90
22
262
426
330
286
484
142
8
104
263
287
433
266
209
486
183
122
472
81
255
89
250
286
260
116
53
381
392
135
292
221
308
149
227
196
133
467
72
28
322
123
367
67
119
403
38
63
335
480
431
439
10
147
215
494
285
331
496
239
468
459
237
56
56
201
385
310
120
285
389
86
114
476
272
357
21
248
30
151
90
498
400
273
169
490
125
350
376
137
139
194
32
267
96
36
21
145
361
275
77
58
174
266
455
95
170
261
385
205
409
167
182
402
436
477
276
456
288
249
409
200
448
409
235
424
229
386
45
260
439
269
308
63
314
138
407
456
8
311
278
491
33
458
129
284
453
86
371
259
291
400
192
126
62
469
104
30
310
397
213
339
345
7
436
483
117
437
419
300
347
155
167
140
425
41
269
259
218
365
483
257
398
326
361
495
180
467
386
374
60
308
15
209
467
263
416
251
23
295
241
352
124
309
321
194
466
356
326
209
211
339
84
483
229
352
87
411
84
405
234
291
99
169
7
437
474
248
246
433
357
342
372
151
53
429
309
443
373
281
329
377
143
222
22
124
471
359
94
128
455
495
402
443
198
207
28
423
239
379
325
38
360
153
469
360
83
300
130
319
169
308
474
103
208
198
79
126
420
148
33
48
250
112
110
443
185
137
78
285
213
53
100
272
490
106
66
391
135
369
236
365
334
216
27
230
94
222
465
8
63
411
386
91
258
421
188
368
72
130
100
465
393
237
367
180
57
188
368
114
14
150
185
168
158
327
318
251
295
270
64
419
411
261
450
221
203
324
380
4
33
153
321
436
359
453
85
49
358
110
403
145
143
184
198
198
286
28
407
296
60
380
68
277
431
181
487
474
318
361
13
344
402
470
192
497
183
178
184
301
79
497
83
122
237
454
184
229
306
286
56
332
143
134
29
391
241
20
405
228
245
373
186
481
121
310
391
349
88
32
121
382
385
101
292
149
470
398
396
241
16
97
245
55
75
169
422
327
38
300
375
470
241
71
106
265
155
35
312
340
166
153
246
10
291
315
261
332
366
128
250
488
283
8
332
39
331
359
193
213
144
6
479
422
222
142
221
378
197
460
130
123
363
373
489
439
296
253
49
266
454
471
26
488
337
211
423
494
421
201
289
247
407
3
31
8
97
472
444
490
60
178
377
178
404
28
451
270
125
205
151
279
461
138
327
348
300
115
459
215
51
20
477
361
107
403
295
374
451
46
141
461
276
153
140
235
274
320
299
220
486
306
58
494
278
193
46
499
207
394
286
365
292
295
423
427
459
440
251
126
254
61
383
27
383
57
432
278
162
328
468
412
436
303
356
205
314
472
463
313
123
144
279
253
304
389
347
148
381
430
141
60
103
102
328
183
210
261
365
303
277
41
61
416
315
370
481
27
218
9
324
156
435
445
185
371
332
185
178
416
470
414
293
205
497
417
315
410
200
264
406
188
228
228
418
242
193
364
75
65
441
83
11
88
448
465
118
480
284
32
281
172
178
439
2
114
54
189
23
128
392
316
452
32
94
138
222
178
333
97
132
159
86
165
192
463
121
183
376
284
29
476
105
379
454
106
43
172
270
348
327
462
411
391
13
50
103
463
441
357
197
485
495
394
451
390
282
377
345
22
178
148
443
183
478
491
130
291
222
16
168
295
204
227
347
249
87
489
188
245
397
70
376
1
332
247
287
154
157
247
373
252
496
434
239
38
98
283
372
489
425
332
111
285
53
458
208
113
46
401
312
97
497
428
132
159
301
103
366
310
125
77
297
83
355
339
172
393
150
313
412
234
402
11
417
124
118
466
216
153
240
299
24
143
207
432
425
37
61
73
382
432
163
438
267
275
10
355
278
481
264
364
19
487
182
254
294
223
389
490
427
303
453
124
426
248
344
65
313
347
487
498
339
26
35
416
211
465
192
318
297
382
126
15
281
494
8
208
285
394
58
479
371
241
260
479
137
120
494
334
406
350
203
419
172
302
254
447
159
451
413
470
384
77
458
31
217
212
500
238
2
296
336
419
436
314
472
279
420
336
236
214
123
243
470
204
133
449
353
180
222
441
129
67
365
284
375
304
435
382
331
195
169
352
26
437
291
203
424
7
439
173
254
485
405
370
271
202
92
408
207
268
37
468
353
499
381
36
20
353
495
275
479
427
359
412
346
94
473
116
241
20
214
363
449
183
265
98
32
156
470
359
328
24
90
91
268
134
264
33
192
476
464
47
384
103
125
55
424
204
236
315
106
286
312
463
250
97
153
169
12
461
257
99
245
409
441
3
250
419
18
145
1
162
391
210
455
355
269
226
104
387
364
355
217
376
18
481
493
94
325
315
27
255
68
290
406
91
286
422
61
248
334
285
487
187
141
266
114
351
95
65
351
411
285
196
89
92
208
242
218
28
4
374
464
377
469
464
276
443
257
324
427
266
362
371
14
394
201
208
89
37
51
108
82
115
478
182
463
192
194
345
291
70
118
341
46
408
150
264
22
247
260
419
421
148
374
2
369
211
139
196
332
469
393
484
365
488
271
338
60
56
64
479
90
194
97
291
172
409
166
122
126
89
312
323
28
245
361
49
60
364
229
212
218
437
165
222
255
1
339
450
287
37
456
353
288
170
96
35
11
320
65
91
149
312
69
363
17
146
69
128
168
497
333
392
31
72
65
355
202
69
343
138
252
224
316
456
303
287
144
148
168
177
387
110
452
339
437
209
491
472
407
437
392
486
345
1
78
107
487
352
263
479
98
312
142
489
72
142
397
89
309
64
500
117
235
271
255
449
275
380
44
60
304
463
313
498
32
24
59
345
272
54
60
66
432
88
165
350
327
9
30
398
86
30
59
77
438
187
183
208
495
482
462
133
278
333
8
491
270
8
27
169
491
381
50
417
376
83
26
257
16
244
344
290
49
198
287
199
437
395
396
287
138
125
354
444
130
55
406
412
226
141
468
357
30
316
357
388
402
329
399
230
201
332
382
364
175
479
319
393
32
164
29
99
58
265
242
294
40
215
95
1
411
91
486
355
444
411
449
472
278
42
390
443
425
222
413
140
13
98
127
219
350
491
158
103
465
148
231
48
45
194
95
135
310
311
265
445
141
52
56
1
7
144
429
227
438
184
273
37
293
498
97
344
283
63
455
390
233
107
87
421
342
96
420
296
173
397
458
349
259
50
310
234
148
192
327
390
466
241
474
149
12
70
104
56
236
166
421
495
155
6
24
398
373
101
432
123
42
120
301
282
420
87
201
432
30
74
349
88
467
441
39
360
62
115
330
204
329
285
130
497
293
27
350
272
460
343
214
5
437
64
247
365
483
181
349
138
126
117
96
473
255
276
15
45
29
164
10
251
107
331
326
135
50
493
123
447
495
391
17
473
131
101
258
435
21
129
31
389
323
208
285
294
288
99
60
22
88
168
97
216
341
38
485
181
34
461
190
65
338
121
233
299
285
372
136
415
369
124
346
103
191
46
216
113
88
95
327
24
160
266
202
206
480
483
16
449
83
314
362
310
321
145
261
394
499
74
368
296
442
188
232
92
452
470
22
163
202
275
22
311
129
466
89
280
386
359
132
452
199
305
197
27
367
384
19
136
285
146
186
27
23
219
384
39
50
21
158
374
199
401
125
32
381
387
273
392
452
324
26
72
329
366
409
110
496
193
76
261
400
372
111
51
366
455
192
205
4
290
413
416
496
260
400
100
171
58
340
93
121
262
129
193
244
253
142
354
455
439
450
319
487
3
461
25
37
302
229
381
252
398
404
495
238
101
247
368
312
69
382
61
92
425
391
7
254
218
30
296
199
181
191
3
167
205
377
277
177
224
454
396
464
97
237
169
35
219
350
3
288
227
107
377
391
2
209
327
54
289
270
300
124
376
390
304
43
273
68
72
456
35
126
342
95
431
87
253
192
254
4
189
152
40
129
45
14
318
177
16
158
224
389
308
265
99
142
420
179
248
299
431
32
138
419
467
90
400
318
377
189
249
124
108
388
326
443
213
454
283
141
475
56
139
174
254
229
320
2
163
87
386
64
329
485
89
441
353
224
209
74
294
70
349
242
302
280
418
268
82
487
342
406
227
315
81
435
246
249
71
169
177
482
477
333
244
77
196
322
453
230
466
43
54
122
168
298
485
471
331
57
205
315
320
329
121
140
265
196
474
455
123
375
240
403
80
383
321
450
165
303
434
484
272
424
255
179
389
361
499
214
324
329
485
480
121
333
75
106
28
88
381
430
264
419
341
467
10
300
445
86
461
485
385
253
281
378
167
384
432
493
84
20
369
204
106
113
352
160
28
325
99
233
243
27
214
26
35
143
49
329
101
145
222
485
473
279
81
276
331
376
75
190
320
50
248
389
187
43
289
289
154
293
280
141
65
166
134
74
175
7
348
471
383
74
89
191
137
88
399
464
10
207
486
472
234
20
110
459
211
373
394
398
485
233
14
444
34
249
219
94
166
412
126
320
380
139
199
240
471
107
119
371
243
157
85
195
29
448
91
472
275
417
56
395
63
201
296
472
21
80
211
250
69
19
99
466
35
368
389
60
370
331
141
178
394
348
93
279
460
387
214
69
138
83
303
117
5
254
425
34
127
280
173
428
206
166
3
88
243
287
391
488
284
11
280
374
375
1
309
360
128
417
137
75
50
390
164
78
266
82
331
232
232
443
245
383
238
403
420
285
358
214
280
175
382
359
302
112
409
24
309
280
113
425
214
385
175
443
88
43
84
471
139
225
37
84
205
96
367
196
367
22
297
360
462
74
435
458
429
84
261
233
70
447
474
327
223
150
228
302
333
292
356
25
455
128
400
279
223
21
133
440
89
180
29
160
50
493
152
55
192
410
88
362
287
192
201
70
203
45
18
364
200
220
457
50
38
297
499
209
81
226
326
9
113
448
254
312
303
232
254
415
54
164
144
484
215
349
329
176
44
474
315
21
24
431
362
142
319
83
239
209
94
460
176
443
98
112
383
375
342
111
81
150
197
274
178
399
371
65
30
299
412
27
92
53
122
139
111
62
388
262
270
207
251
479
290
103
157
468
388
259
60
353
425
224
398
116
199
159
150
154
117
383
373
293
470
150
142
199
12
295
77
400
215
350
333
138
480
431
181
437
13
243
254
376
146
399
250
125
332
144
333
119
264
57
51
372
389
95
180
44
40
368
239
281
78
124
372
97
160
179
110
347
474
56
390
148
202
390
47
16
237
151
278
44
42
264
236
236
420
20
172
340
123
451
99
268
121
114
468
226
315
28
121
45
239
147
282
479
417
305
20
319
420
313
372
78
246
175
497
170
333
480
276
227
298
161
284
489
263
287
239
195
304
430
161
362
264
297
252
96
241
17
355
242
370
311
433
462
272
477
5
408
290
173
73
484
161
199
268
249
79
401
247
160
33
301
436
152
240
203
224
462
48
203
22
94
290
345
8
154
420
306
414
282
157
32
150
52
85
484
380
106
418
491
491
47
113
108
58
51
32
242
109
2
308
366
74
248
165
2
332
141
182
87
415
56
82
165
427
132
331
380
249
349
267
500
6
408
149
150
21
88
142
251
105
184
201
230
292
276
247
65
18
456
44
107
218
6
433
71
205
194
109
227
136
136
366
487
484
193
19
60
70
74
256
145
460
150
417
178
39
42
192
280
438
38
129
376
202
450
188
136
13
360
308
259
294
393
107
362
70
363
210
235
446
92
296
252
428
175
137
92
5
97
347
125
460
388
157
350
464
434
463
450
227
27
139
404
420
54
42
425
186
203
316
158
201
52
222
471
259
102
475
199
370
376
64
354
7
435
424
476
202
82
220
44
41
114
85
82
125
4
466
131
179
116
483
363
221
346
495
128
367
281
98
444
265
356
470
401
258
80
139
470
472
196
447
495
360
241
392
260
454
250
20
152
217
292
430
239
233
71
272
466
329
12
248
287
280
432
41
310
492
14
161
119
108
31
178
151
121
167
43
368
495
279
27
130
394
261
425
208
470
358
361
106
206
469
11
485
23
468
339
414
289
135
406
146
4
177
368
61
102
420
144
77
243
361
267
99
361
383
410
485
207
313
410
401
76
427
67
381
403
185
176
32
361
25
195
34
225
13
456
200
252
224
91
492
250
345
257
322
143
120
92
345
192
248
278
404
229
270
267
474
127
228
188
481
407
356
201
186
396
258
470
470
193
58
201
17
327
121
5
315
238
222
449
97
335
432
134
126
9
63
157
337
91
15
294
86
380
48
29
181
450
383
351
56
35
389
299
210
397
443
54
416
246
460
312
62
349
398
102
116
487
254
14
445
42
340
498
338
454
300
56
452
322
89
132
318
96
331
132
331
126
222
57
214
18
394
273
458
406
136
489
442
259
97
294
432
133
156
251
321
41
428
456
434
30
226
195
242
406
37
299
207
390
338
159
400
399
242
241
12
475
389
323
380
361
286
469
60
298
117
466
130
462
327
393
480
111
93
259
437
474
399
395
274
408
416
389
110
201
249
129
77
50
17
183
195
440
464
36
209
150
318
243
67
334
205
31
387
98
334
375
26
188
395
63
341
474
172
488
232
74
188
200
207
306
348
127
301
28
281
124
383
67
129
48
495
104
367
151
159
108
195
48
359
277
337
383
81
223
102
415
428
250
447
433
363
298
463
238
7
247
245
413
187
452
23
315
192
216
8
252
105
384
375
79
379
63
339
346
472
60
88
40
374
349
409
87
77
392
303
340
482
98
480
496
438
306
335
397
60
312
116
120
122
146
222
425
198
400
6
424
236
373
210
358
452
241
65
331
466
298
339
393
228
163
352
121
456
158
358
148
222
166
453
172
446
137
419
56
487
378
117
467
4
250
338
389
405
434
347
54
398
32
399
319
2
118
83
499
339
459
464
285
192
75
225
166
403
458
326
238
222
142
22
166
439
339
404
447
35
373
297
326
194
4
117
1
161
343
162
163
383
129
58
38
236
152
482
79
481
252
408
45
349
60
313
367
161
93
216
391
74
294
72
447
88
16
220
116
122
318
85
153
358
125
272
23
101
15
429
106
165
111
450
217
352
217
162
347
480
193
147
285
238
220
284
229
241
273
177
293
455
308
334
68
437
416
366
446
167
53
140
60
217
192
323
323
479
158
308
397
222
259
318
126
51
112
321
151
176
426
198
486
128
122
50
236
52
460
90
432
233
102
84
163
68
253
441
351
484
462
236
277
132
479
10
193
410
77
73
171
394
295
441
210
105
433
282
135
218
330
307
153
4
56
94
106
357
412
269
370
223
101
211
316
407
18
37
318
263
212
371
338
101
121
124
277
170
192
114
446
496
198
459
440
486
269
265
149
166
165
384
267
78
99
393
240
286
328
105
92
201
220
337
176
250
222
418
190
350
84
385
191
108
22
139
121
396
472
397
464
183
24
324
485
409
287
323
481
44
350
43
225
485
84
321
412
285
236
264
296
29
480
107
361
141
283
170
74
449
252
358
65
342
260
386
275
167
64
242
73
228
360
203
51
180
34
279
239
217
497
273
393
183
266
142
121
424
374
140
113
95
84
226
371
140
305
215
234
248
193
154
399
128
315
20
213
367
80
170
110
170
183
462
29
480
222
85
184
111
391
224
248
356
413
388
397
10
54
437
383
419
423
14
476
450
142
447
195
137
246
294
72
355
227
8
495
25
128
250
143
218
409
258
352
264
229
120
204
457
192
235
195
317
390
192
52
213
489
170
324
228
1
58
315
338
427
347
348
360
220
103
120
446
419
277
478
69
426
298
301
206
121
275
243
5
236
389
178
150
415
496
186
56
297
449
292
44
76
415
203
380
352
112
196
217
448
81
13
235
65
139
228
410
426
175
69
14
275
414
153
289
244
406
160
344
494
393
472
226
354
147
73
207
67
232
310
208
95
68
97
128
169
126
138
194
25
157
234
331
106
207
129
368
260
380
363
33
444
286
136
119
124
421
164
29
143
43
289
456
354
462
411
21
186
244
465
392
295
198
51
70
415
132
127
113
100
38
301
442
393
487
150
54
497
13
289
6
336
421
309
271
253
179
474
7
246
497
312
106
80
266
253
61
436
299
3
352
125
188
124
343
250
337
75
79
230
116
343
160
222
406
412
240
443
332
491
295
102
178
374
38
93
333
249
327
480
66
4
349
81
343
294
70
26
182
498
302
421
121
302
358
194
80
233
144
251
353
173
334
141
33
349
357
336
1
198
414
21
268
47
380
432
245
259
436
311
131
124
326
102
139
220
427
152
99
353
295
489
165
421
193
90
73
326
291
401
88
325
452
353
216
313
231
126
301
40
500
499
384
465
412
500
211
266
240
145
264
41
195
280
78
217
400
221
85
90
238
406
65
53
294
283
42
156
193
430
489
371
422
476
46
484
173
174
162
389
152
86
25
143
121
288
269
324
463
474
5
392
363
392
128
238
307
264
4
409
275
304
414
442
156
219
148
200
105
387
229
50
284
254
208
10
438
319
105
428
402
137
98
424
351
58
270
30
283
391
89
366
37
495
96
323
484
175
40
29
469
313
350
199
145
229
339
68
479
1
5
175
456
192
120
51
415
468
274
280
394
239
254
262
15
87
281
356
459
9
327
121
267
441
11
499
75
150
7
207
448
473
196
163
107
156
417
493
148
463
142
62
232
210
125
211
154
125
2
250
411
396
380
104
478
400
435
441
500
491
415
23
228
103
423
247
229
258
380
291
277
419
500
444
345
51
451
440
69
113
189
16
154
499
17
307
80
266
64
352
324
420
373
76
66
132
337
281
99
354
13
377
106
232
278
250
381
103
202
432
141
133
267
180
267
500
225
151
498
272
162
272
196
365
257
429
496
345
233
305
53
417
161
109
389
221
77
421
219
30
387
498
467
407
361
179
130
187
405
428
417
34
253
319
307
236
149
76
17
34
357
229
444
99
378
289
241
495
202
142
305
397
3
292
282
333
164
262
463
352
49
378
231
82
377
208
245
447
125
411
389
314
457
405
4
131
97
95
388
215
275
329
464
356
497
104
419
266
325
211
478
391
449
462
473
325
35
15
216
47
213
100
281
117
250
11
290
358
390
332
435
466
454
356
304
211
254
128
171
155
386
263
85
14
337
208
323
6
435
217
142
487
231
371
9
443
48
233
310
332
223
248
253
370
68
210
326
175
152
39
265
407
171
315
452
271
16
139
293
308
90
422
20
331
363
194
7
404
402
76
145
143
43
212
327
28
168
21
211
116
15
34
130
283
342
200
419
380
79
498
18
230
383
433
102
406
88
412
192
150
251
164
245
386
451
157
42
76
479
344
17
60
201
59
276
471
321
448
28
226
51
17
35
281
472
5
476
427
206
231
450
194
431
402
75
441
296
160
21
248
479
115
394
94
87
43
9
108
434
94
336
154
250
355
484
304
234
233
270
225
111
452
260
6
375
165
189
166
14
119
211
210
47
412
202
440
348
204
288
460
459
498
271
383
384
72
296
238
28
187
25
237
167
270
392
315
260
37
115
275
190
220
469
123
142
474
380
182
74
92
445
330
203
332
283
46
77
330
87
196
209
56
260
360
484
340
175
146
173
448
493
113
346
329
127
355
53
33
56
282
393
124
319
54
1
382
122
180
291
46
153
120
44
309
279
271
116
260
441
474
22
13
268
357
415
225
89
282
420
33
415
334
35
492
129
155
42
226
474
436
357
5
414
3
153
160
182
281
495
299
328
255
123
486
114
78
405
145
74
482
454
436
304
78
371
480
498
93
115
171
495
183
358
182
351
280
474
393
311
300
231
313
223
322
49
237
83
269
263
434
371
199
23
440
143
165
29
403
414
472
382
428
163
71
281
179
48
230
15
219
366
271
209
41
1
427
293
220
255
419
423
147
26
285
283
375
254
241
195
66
98
125
51
235
432
274
87
120
19
348
55
89
141
112
426
170
369
64
487
148
108
341
460
348
5
38
245
351
435
433
86
438
453
337
288
194
261
391
458
74
206
179
114
40
413
172
24
161
458
257
371
391
136
220
246
226
34
461
221
134
149
407
462
186
318
169
6
431
396
470
495
84
496
466
404
434
102
415
37
12
20
432
174
135
159
448
345
388
242
335
488
10
411
171
428
103
157
120
478
115
118
16
410
191
285
295
483
91
182
160
463
110
301
207
70
90
12
432
181
346
442
430
70
140
350
90
428
279
251
17
280
338
219
101
290
452
473
31
174
371
277
302
50
210
252
270
451
97
477
223
378
398
230
42
274
487
85
128
7
195
318
350
319
335
336
372
449
153
31
272
472
24
105
391
383
196
229
127
131
351
449
269
142
332
403
163
342
343
329
352
337
141
280
295
129
202
240
234
135
112
443
158
64
50
53
494
485
423
366
118
263
177
5
62
283
465
422
168
66
382
270
97
305
36
72
410
174
375
239
311
225
123
100
182
335
135
101
137
141
218
9
27
432
51
128
218
243
169
186
483
340
78
20
200
220
176
469
252
35
366
280
295
187
252
481
34
491
25
260
301
132
360
190
193
317
414
459
436
129
319
211
397
203
184
248
313
181
479
101
301
269
200
297
366
466
16
209
280
341
80
231
389
20
344
254
224
55
436
302
437
61
172
294
429
66
106
291
421
15
180
128
406
363
17
5
248
336
484
16
367
45
231
173
340
302
176
207
387
97
315
401
362
66
186
181
55
180
444
302
93
54
433
20
18
195
207
110
446
400
472
192
259
478
338
8
350
449
330
333
61
53
106
130
428
268
207
226
114
218
406
336
189
322
98
457
260
228
235
282
377
136
419
27
184
230
264
93
36
110
143
269
122
402
334
337
321
476
477
164
281
160
55
46
257
226
467
439
181
453
361
222
404
390
143
26
335
178
163
212
312
376
267
9
194
299
174
231
135
257
238
255
250
104
301
229
58
25
292
404
375
41
352
55
398
248
289
399
122
288
221
437
466
109
211
323
196
17
17
392
472
15
74
93
366
281
478
84
69
246
226
462
10
268
79
386
373
53
23
187
406
119
157
173
286
337
28
310
70
410
410
8
108
181
262
104
432
380
105
106
259
229
42
419
397
408
264
92
287
342
347
488
245
232
180
230
380
287
90
347
437
349
355
442
156
140
384
113
46
351
67
298
193
454
451
125
392
283
118
213
437
276
178
410
323
40
186
106
398
219
138
292
464
210
152
343
417
158
441
345
389
257
402
174
454
500
426
312
323
411
369
359
306
482
31
273
222
430
205
318
207
387
458
270
6
78
483
125
255
466
486
364
241
346
22
472
414
372
67
374
368
330
8
124
247
51
349
119
215
287
103
210
131
434
311
58
492
263
72
370
62
41
280
190
88
351
279
170
141
349
411
320
23
373
423
295
236
369
9
81
18
435
11
220
342
24
284
293
378
124
453
29
312
468
179
352
208
140
3
160
493
120
350
64
256
418
66
73
42
137
241
148
28
408
29
109
4
453
104
150
380
89
159
206
317
154
226
413
187
60
269
301
221
117
18
360
70
497
419
485
179
133
357
1
3
192
126
35
23
289
183
349
475
281
448
148
489
365
301
493
228
480
355
214
227
415
445
344
44
397
70
296
259
179
447
76
209
477
45
364
444
210
307
347
68
215
6
385
95
324
176
57
406
466
252
102
274
326
304
341
423
122
41
13
327
3
412
196
493
45
145
402
65
47
281
114
219
122
307
51
491
312
316
225
9
371
180
93
176
286
204
34
255
108
306
116
328
374
353
119
117
484
78
390
403
88
92
98
439
92
73
247
91
31
378
474
411
107
449
203
439
288
15
99
418
233
240
65
466
183
352
227
201
348
461
183
470
57
368
347
64
230
474
439
229
249
361
217
139
71
246
195
91
107
446
166
362
46
6
128
443
454
57
323
348
471
281
227
298
416
198
19
468
183
256
359
52
253
168
452
175
336
324
435
110
107
190
219
79
58
134
204
17
419
459
437
181
281
438
369
411
259
448
106
434
193
478
388
149
205
249
487
259
191
103
459
21
87
101
271
54
178
79
212
337
69
114
103
219
292
253
348
198
131
116
305
106
387
365
402
323
98
85
372
130
156
118
56
285
268
431
243
370
186
382
439
144
352
219
44
3
392
206
216
401
404
226
33
301
494
121
120
108
310
115
281
41
287
333
283
363
496
336
437
404
139
423
270
454
12
64
485
325
145
360
104
17
477
323
53
132
387
283
152
283
27
489
373
42
15
152
214
366
301
467
245
393
150
199
71
303
50
247
168
306
447
38
295
364
297
306
175
344
54
32
212
66
151
199
470
340
392
206
25
158
58
342
48
40
55
305
126
373
133
242
201
58
140
48
259
33
120
64
72
248
99
183
207
173
342
436
344
170
215
7
441
479
288
373
371
421
157
112
137
167
115
249
387
168
278
260
318
456
204
71
458
409
286
215
92
469
484
117
292
454
286
378
201
228
417
439
167
452
346
230
305
41
390
304
432
484
181
430
373
46
469
306
138
478
287
18
113
355
73
299
207
404
438
225
429
315
83
460
349
428
2
453
221
42
119
138
345
108
258
73
459
44
409
435
85
360
97
63
174
314
183
173
264
218
334
131
413
481
466
186
96
197
424
114
90
399
156
89
355
274
157
179
192
104
164
58
286
327
399
483
51
243
387
169
389
24
113
205
173
256
190
365
30
185
402
33
308
51
445
178
8
266
94
476
136
500
368
394
290
479
33
101
482
1
108
113
85
182
13
207
110
14
82
292
201
78
185
105
288
264
446
436
198
31
40
141
36
495
36
268
55
263
465
175
297
43
90
111
467
485
203
265
140
179
234
498
340
350
403
255
209
168
151
42
216
497
259
148
88
319
446
105
376
194
29
307
200
91
273
322
166
292
109
121
136
95
416
466
497
199
107
190
443
292
432
193
209
452
452
247
372
291
263
464
457
8
432
84
476
43
247
183
189
467
414
233
456
276
211
358
436
442
367
442
170
242
81
467
341
108
424
203
27
430
311
244
469
461
33
398
44
315
104
81
261
410
287
186
324
54
26
89
147
339
322
379
66
194
101
281
391
207
127
98
196
290
176
414
161
357
115
161
255
197
260
221
150
391
486
371
225
219
464
40
496
439
324
56
381
336
363
69
380
3
220
78
497
452
240
273
458
354
498
293
65
16
459
350
50
98
182
127
32
115
168
416
485
463
128
257
437
244
350
140
46
232
228
57
110
139
19
336
111
379
156
365
425
339
387
335
204
447
60
198
196
418
206
118
337
102
375
184
339
390
339
294
326
161
73
350
137
118
424
77
94
411
48
378
157
15
226
156
358
175
441
220
150
61
207
171
394
467
58
398
63
153
349
79
134
107
485
16
218
119
142
344
61
407
91
314
41
329
132
240
23
167
370
256
352
243
150
149
171
476
454
332
417
237
480
173
68
10
211
174
136
137
414
76
350
123
130
307
68
101
482
472
418
308
350
315
119
343
374
144
404
13
263
189
198
352
117
405
424
168
429
124
159
81
63
493
496
96
104
460
293
461
203
444
172
150
223
291
67
396
80
38
218
365
159
483
30
81
488
255
178
312
458
450
87
335
110
26
454
423
258
197
369
203
483
305
255
198
379
189
119
435
65
197
69
12
261
56
483
246
291
284
425
453
253
491
205
171
131
155
232
60
425
286
284
477
131
387
198
62
131
478
157
31
46
266
127
483
491
285
453
497
393
5
404
347
214
361
482
345
225
404
268
194
134
344
374
44
225
215
61
312
385
56
92
340
220
324
106
70
100
336
145
142
463
6
295
66
72
80
122
125
25
419
492
421
498
352
206
239
487
427
451
184
322
289
358
249
84
200
250
199
443
283
179
316
499
271
48
126
380
49
356
143
3
409
241
363
172
59
166
27
125
313
57
42
252
400
206
392
248
440
266
22
167
121
181
96
186
402
360
496
74
397
396
304
428
215
458
392
366
244
65
267
315
349
63
250
83
168
37
146
399
420
485
105
429
40
353
276
271
118
456
364
157
386
322
205
483
273
304
306
225
268
253
117
177
331
172
209
155
368
344
147
268
277
45
8
165
308
290
328
54
339
75
464
367
130
390
231
148
81
240
290
451
405
207
293
179
82
100
470
234
323
379
223
275
38
456
415
66
81
369
440
236
303
203
221
106
440
381
498
118
123
201
345
169
176
304
223
389
371
123
404
486
444
333
468
268
470
82
106
396
351
61
51
135
148
272
364
354
92
120
390
302
39
453
73
261
477
161
67
497
218
29
339
366
171
253
156
380
184
233
233
24
488
29
304
476
314
339
338
432
53
255
440
415
36
362
447
3
441
273
272
14
77
353
85
5
492
211
476
144
498
63
467
66
247
194
431
284
124
253
97
474
257
241
421
362
52
78
292
480
26
38
325
81
338
241
279
129
29
68
491
491
199
198
125
159
267
269
146
421
376
127
10
245
162
14
309
429
445
325
170
126
114
483
3
302
445
102
88
340
395
486
281
327
206
440
497
439
141
122
414
433
181
12
213
36
84
236
370
431
422
352
118
136
67
422
243
227
476
328
109
391
384
378
332
321
169
277
157
495
226
80
272
388
17
224
215
215
81
397
322
84
123
203
14
244
101
460
160
422
465
441
109
484
167
216
75
63
256
262
189
215
464
203
302
484
393
38
281
199
56
477
200
486
219
481
291
133
287
494
7
46
75
332
111
281
331
353
499
440
380
404
367
90
214
288
26
350
237
255
349
224
252
264
378
404
99
57
450
108
96
292
9
