13330 (2 47 26 27 13 14 52 11 28 12 25 6 32 45 19 43 33 51 4 15 5 24 48 37 35 36 49 41 8 9 10 40 38 39 1 21 42 30 29 34 44 46 16 50 20 23 22 31 18 3 17 7)
10610 (6 15 5 24 48 37 34 44 16 29 2 7 42 30 23 21 17 3 32 49 35 36 39 40 38 43 33 10 9 8 41 19 45 18 31 22 1 20 50 46 28 27 26 47 14 13 52 11 51 12 25 4)
10610 (6 15 5 24 48 37 34 44 16 29 2 7 42 30 23 21 17 3 32 49 35 36 39 40 38 43 33 10 9 8 41 19 45 18 31 22 1 20 50 46 28 27 26 47 14 13 52 11 51 12 25 4)
10180 (22 1 49 40 38 24 48 37 39 36 35 34 44 20 50 29 16 46 25 12 28 27 26 47 14 13 52 11 51 4 6 5 15 43 33 10 9 8 41 19 45 32 18 3 17 42 2 7 30 23 21 31)
10180 (22 1 49 40 38 24 48 37 39 36 35 34 44 20 50 29 16 46 25 12 28 27 26 47 14 13 52 11 51 4 6 5 15 43 33 10 9 8 41 19 45 32 18 3 17 42 2 7 30 23 21 31)
10180 (22 1 49 40 38 24 48 37 39 36 35 34 44 20 50 29 16 46 25 12 28 27 26 47 14 13 52 11 51 4 6 5 15 43 33 10 9 8 41 19 45 32 18 3 17 42 2 7 30 23 21 31)
10180 (22 1 49 40 38 24 48 37 39 36 35 34 44 20 50 29 16 46 25 12 28 27 26 47 14 13 52 11 51 4 6 5 15 43 33 10 9 8 41 19 45 32 18 3 17 42 2 7 30 23 21 31)
10180 (22 1 49 40 38 24 48 37 39 36 35 34 44 20 50 29 16 46 25 12 28 27 26 47 14 13 52 11 51 4 6 5 15 43 33 10 9 8 41 19 45 32 18 3 17 42 2 7 30 23 21 31)
10180 (22 1 49 40 38 24 48 37 39 36 35 34 44 20 50 29 16 46 25 12 28 27 26 47 14 13 52 11 51 4 6 5 15 43 33 10 9 8 41 19 45 32 18 3 17 42 2 7 30 23 21 31)
10180 (22 1 49 40 38 24 48 37 39 36 35 34 44 20 50 29 16 46 25 12 28 27 26 47 14 13 52 11 51 4 6 5 15 43 33 10 9 8 41 19 45 32 18 3 17 42 2 7 30 23 21 31)
10180 (22 1 49 40 38 24 48 37 39 36 35 34 44 20 50 29 16 46 25 12 28 27 26 47 14 13 52 11 51 4 6 5 15 43 33 10 9 8 41 19 45 32 18 3 17 42 2 7 30 23 21 31)
10180 (22 1 49 40 38 24 48 37 39 36 35 34 44 20 50 29 16 46 25 12 28 27 26 47 14 13 52 11 51 4 6 5 15 43 33 10 9 8 41 19 45 32 18 3 17 42 2 7 30 23 21 31)
10180 (22 1 49 40 38 24 48 37 39 36 35 34 44 20 50 29 16 46 25 12 28 27 26 47 14 13 52 11 51 4 6 5 15 43 33 10 9 8 41 19 45 32 18 3 17 42 2 7 30 23 21 31)
10180 (22 1 49 40 38 24 48 37 39 36 35 34 44 20 50 29 16 46 25 12 28 27 26 47 14 13 52 11 51 4 6 5 15 43 33 10 9 8 41 19 45 32 18 3 17 42 2 7 30 23 21 31)
10180 (22 1 49 40 38 24 48 37 39 36 35 34 44 20 50 29 16 46 25 12 28 27 26 47 14 13 52 11 51 4 6 5 15 43 33 10 9 8 41 19 45 32 18 3 17 42 2 7 30 23 21 31)
10180 (22 1 49 40 38 24 48 37 39 36 35 34 44 20 50 29 16 46 25 12 28 27 26 47 14 13 52 11 51 4 6 5 15 43 33 10 9 8 41 19 45 32 18 3 17 42 2 7 30 23 21 31)
10180 (22 1 49 40 38 24 48 37 39 36 35 34 44 20 50 29 16 46 25 12 28 27 26 47 14 13 52 11 51 4 6 5 15 43 33 10 9 8 41 19 45 32 18 3 17 42 2 7 30 23 21 31)
10180 (22 1 49 40 38 24 48 37 39 36 35 34 44 20 50 29 16 46 25 12 28 27 26 47 14 13 52 11 51 4 6 5 15 43 33 10 9 8 41 19 45 32 18 3 17 42 2 7 30 23 21 31)
10180 (22 1 49 40 38 24 48 37 39 36 35 34 44 20 50 29 16 46 25 12 28 27 26 47 14 13 52 11 51 4 6 5 15 43 33 10 9 8 41 19 45 32 18 3 17 42 2 7 30 23 21 31)
10180 (22 1 49 40 38 24 48 37 39 36 35 34 44 20 50 29 16 46 25 12 28 27 26 47 14 13 52 11 51 4 6 5 15 43 33 10 9 8 41 19 45 32 18 3 17 42 2 7 30 23 21 31)
10180 (22 1 49 40 38 24 48 37 39 36 35 34 44 20 50 29 16 46 25 12 28 27 26 47 14 13 52 11 51 4 6 5 15 43 33 10 9 8 41 19 45 32 18 3 17 42 2 7 30 23 21 31)
10180 (22 1 49 40 38 24 48 37 39 36 35 34 44 20 50 29 16 46 25 12 28 27 26 47 14 13 52 11 51 4 6 5 15 43 33 10 9 8 41 19 45 32 18 3 17 42 2 7 30 23 21 31)
10180 (22 1 49 40 38 24 48 37 39 36 35 34 44 20 50 29 16 46 25 12 28 27 26 47 14 13 52 11 51 4 6 5 15 43 33 10 9 8 41 19 45 32 18 3 17 42 2 7 30 23 21 31)
10180 (22 1 49 40 38 24 48 37 39 36 35 34 44 20 50 29 16 46 25 12 28 27 26 47 14 13 52 11 51 4 6 5 15 43 33 10 9 8 41 19 45 32 18 3 17 42 2 7 30 23 21 31)
10180 (22 1 49 40 38 24 48 37 39 36 35 34 44 20 50 29 16 46 25 12 28 27 26 47 14 13 52 11 51 4 6 5 15 43 33 10 9 8 41 19 45 32 18 3 17 42 2 7 30 23 21 31)
10180 (22 1 49 40 38 24 48 37 39 36 35 34 44 20 50 29 16 46 25 12 28 27 26 47 14 13 52 11 51 4 6 5 15 43 33 10 9 8 41 19 45 32 18 3 17 42 2 7 30 23 21 31)
10180 (22 1 49 40 38 24 48 37 39 36 35 34 44 20 50 29 16 46 25 12 28 27 26 47 14 13 52 11 51 4 6 5 15 43 33 10 9 8 41 19 45 32 18 3 17 42 2 7 30 23 21 31)
10180 (22 1 49 40 38 24 48 37 39 36 35 34 44 20 50 29 16 46 25 12 28 27 26 47 14 13 52 11 51 4 6 5 15 43 33 10 9 8 41 19 45 32 18 3 17 42 2 7 30 23 21 31)
10180 (22 1 49 40 38 24 48 37 39 36 35 34 44 20 50 29 16 46 25 12 28 27 26 47 14 13 52 11 51 4 6 5 15 43 33 10 9 8 41 19 45 32 18 3 17 42 2 7 30 23 21 31)
10180 (22 1 49 40 38 24 48 37 39 36 35 34 44 20 50 29 16 46 25 12 28 27 26 47 14 13 52 11 51 4 6 5 15 43 33 10 9 8 41 19 45 32 18 3 17 42 2 7 30 23 21 31)
10180 (22 1 49 40 38 24 48 37 39 36 35 34 44 20 50 29 16 46 25 12 28 27 26 47 14 13 52 11 51 4 6 5 15 43 33 10 9 8 41 19 45 32 18 3 17 42 2 7 30 23 21 31)
10180 (22 1 49 40 38 24 48 37 39 36 35 34 44 20 50 29 16 46 25 12 28 27 26 47 14 13 52 11 51 4 6 5 15 43 33 10 9 8 41 19 45 32 18 3 17 42 2 7 30 23 21 31)
10180 (22 1 49 40 38 24 48 37 39 36 35 34 44 20 50 29 16 46 25 12 28 27 26 47 14 13 52 11 51 4 6 5 15 43 33 10 9 8 41 19 45 32 18 3 17 42 2 7 30 23 21 31)
10180 (22 1 49 40 38 24 48 37 39 36 35 34 44 20 50 29 16 46 25 12 28 27 26 47 14 13 52 11 51 4 6 5 15 43 33 10 9 8 41 19 45 32 18 3 17 42 2 7 30 23 21 31)
10180 (22 1 49 40 38 24 48 37 39 36 35 34 44 20 50 29 16 46 25 12 28 27 26 47 14 13 52 11 51 4 6 5 15 43 33 10 9 8 41 19 45 32 18 3 17 42 2 7 30 23 21 31)
10180 (22 1 49 40 38 24 48 37 39 36 35 34 44 20 50 29 16 46 25 12 28 27 26 47 14 13 52 11 51 4 6 5 15 43 33 10 9 8 41 19 45 32 18 3 17 42 2 7 30 23 21 31)
10180 (22 1 49 40 38 24 48 37 39 36 35 34 44 20 50 29 16 46 25 12 28 27 26 47 14 13 52 11 51 4 6 5 15 43 33 10 9 8 41 19 45 32 18 3 17 42 2 7 30 23 21 31)
10180 (22 1 49 40 38 24 48 37 39 36 35 34 44 20 50 29 16 46 25 12 28 27 26 47 14 13 52 11 51 4 6 5 15 43 33 10 9 8 41 19 45 32 18 3 17 42 2 7 30 23 21 31)
10180 (22 1 49 40 38 24 48 37 39 36 35 34 44 20 50 29 16 46 25 12 28 27 26 47 14 13 52 11 51 4 6 5 15 43 33 10 9 8 41 19 45 32 18 3 17 42 2 7 30 23 21 31)
10180 (22 1 49 40 38 24 48 37 39 36 35 34 44 20 50 29 16 46 25 12 28 27 26 47 14 13 52 11 51 4 6 5 15 43 33 10 9 8 41 19 45 32 18 3 17 42 2 7 30 23 21 31)
10180 (22 1 49 40 38 24 48 37 39 36 35 34 44 20 50 29 16 46 25 12 28 27 26 47 14 13 52 11 51 4 6 5 15 43 33 10 9 8 41 19 45 32 18 3 17 42 2 7 30 23 21 31)
10180 (22 1 49 40 38 24 48 37 39 36 35 34 44 20 50 29 16 46 25 12 28 27 26 47 14 13 52 11 51 4 6 5 15 43 33 10 9 8 41 19 45 32 18 3 17 42 2 7 30 23 21 31)
10180 (22 1 49 40 38 24 48 37 39 36 35 34 44 20 50 29 16 46 25 12 28 27 26 47 14 13 52 11 51 4 6 5 15 43 33 10 9 8 41 19 45 32 18 3 17 42 2 7 30 23 21 31)
10180 (22 1 49 40 38 24 48 37 39 36 35 34 44 20 50 29 16 46 25 12 28 27 26 47 14 13 52 11 51 4 6 5 15 43 33 10 9 8 41 19 45 32 18 3 17 42 2 7 30 23 21 31)
10180 (22 1 49 40 38 24 48 37 39 36 35 34 44 20 50 29 16 46 25 12 28 27 26 47 14 13 52 11 51 4 6 5 15 43 33 10 9 8 41 19 45 32 18 3 17 42 2 7 30 23 21 31)
10180 (22 1 49 40 38 24 48 37 39 36 35 34 44 20 50 29 16 46 25 12 28 27 26 47 14 13 52 11 51 4 6 5 15 43 33 10 9 8 41 19 45 32 18 3 17 42 2 7 30 23 21 31)
10180 (22 1 49 40 38 24 48 37 39 36 35 34 44 20 50 29 16 46 25 12 28 27 26 47 14 13 52 11 51 4 6 5 15 43 33 10 9 8 41 19 45 32 18 3 17 42 2 7 30 23 21 31)
10180 (22 1 49 40 38 24 48 37 39 36 35 34 44 20 50 29 16 46 25 12 28 27 26 47 14 13 52 11 51 4 6 5 15 43 33 10 9 8 41 19 45 32 18 3 17 42 2 7 30 23 21 31)
10180 (22 1 49 40 38 24 48 37 39 36 35 34 44 20 50 29 16 46 25 12 28 27 26 47 14 13 52 11 51 4 6 5 15 43 33 10 9 8 41 19 45 32 18 3 17 42 2 7 30 23 21 31)
10180 (22 1 49 40 38 24 48 37 39 36 35 34 44 20 50 29 16 46 25 12 28 27 26 47 14 13 52 11 51 4 6 5 15 43 33 10 9 8 41 19 45 32 18 3 17 42 2 7 30 23 21 31)
10000 (39 36 35 34 44 16 29 50 20 23 30 2 7 42 21 31 22 1 49 32 18 17 3 45 19 41 8 9 10 33 43 15 48 46 25 12 28 27 26 47 14 13 52 11 51 4 6 5 24 38 37 40)
10000 (39 36 35 34 44 16 29 50 20 23 30 2 7 42 21 31 22 1 49 32 18 17 3 45 19 41 8 9 10 33 43 15 48 46 25 12 28 27 26 47 14 13 52 11 51 4 6 5 24 38 37 40)
10000 (39 36 35 34 44 16 29 50 20 23 30 2 7 42 21 31 22 1 49 32 18 17 3 45 19 41 8 9 10 33 43 15 48 46 25 12 28 27 26 47 14 13 52 11 51 4 6 5 24 38 37 40)
10000 (39 36 35 34 44 16 29 50 20 23 30 2 7 42 21 31 22 1 49 32 18 17 3 45 19 41 8 9 10 33 43 15 48 46 25 12 28 27 26 47 14 13 52 11 51 4 6 5 24 38 37 40)
10000 (39 36 35 34 44 16 29 50 20 23 30 2 7 42 21 31 22 1 49 32 18 17 3 45 19 41 8 9 10 33 43 15 48 46 25 12 28 27 26 47 14 13 52 11 51 4 6 5 24 38 37 40)
10000 (39 36 35 34 44 16 29 50 20 23 30 2 7 42 21 31 22 1 49 32 18 17 3 45 19 41 8 9 10 33 43 15 48 46 25 12 28 27 26 47 14 13 52 11 51 4 6 5 24 38 37 40)
10000 (39 36 35 34 44 16 29 50 20 23 30 2 7 42 21 31 22 1 49 32 18 17 3 45 19 41 8 9 10 33 43 15 48 46 25 12 28 27 26 47 14 13 52 11 51 4 6 5 24 38 37 40)
10000 (39 36 35 34 44 16 29 50 20 23 30 2 7 42 21 31 22 1 49 32 18 17 3 45 19 41 8 9 10 33 43 15 48 46 25 12 28 27 26 47 14 13 52 11 51 4 6 5 24 38 37 40)
10000 (39 36 35 34 44 16 29 50 20 23 30 2 7 42 21 31 22 1 49 32 18 17 3 45 19 41 8 9 10 33 43 15 48 46 25 12 28 27 26 47 14 13 52 11 51 4 6 5 24 38 37 40)
10000 (39 36 35 34 44 16 29 50 20 23 30 2 7 42 21 31 22 1 49 32 18 17 3 45 19 41 8 9 10 33 43 15 48 46 25 12 28 27 26 47 14 13 52 11 51 4 6 5 24 38 37 40)
10000 (39 36 35 34 44 16 29 50 20 23 30 2 7 42 21 31 22 1 49 32 18 17 3 45 19 41 8 9 10 33 43 15 48 46 25 12 28 27 26 47 14 13 52 11 51 4 6 5 24 38 37 40)
10000 (39 36 35 34 44 16 29 50 20 23 30 2 7 42 21 31 22 1 49 32 18 17 3 45 19 41 8 9 10 33 43 15 48 46 25 12 28 27 26 47 14 13 52 11 51 4 6 5 24 38 37 40)
10000 (39 36 35 34 44 16 29 50 20 23 30 2 7 42 21 31 22 1 49 32 18 17 3 45 19 41 8 9 10 33 43 15 48 46 25 12 28 27 26 47 14 13 52 11 51 4 6 5 24 38 37 40)
10000 (39 36 35 34 44 16 29 50 20 23 30 2 7 42 21 31 22 1 49 32 18 17 3 45 19 41 8 9 10 33 43 15 48 46 25 12 28 27 26 47 14 13 52 11 51 4 6 5 24 38 37 40)
10000 (39 36 35 34 44 16 29 50 20 23 30 2 7 42 21 31 22 1 49 32 18 17 3 45 19 41 8 9 10 33 43 15 48 46 25 12 28 27 26 47 14 13 52 11 51 4 6 5 24 38 37 40)
10000 (39 36 35 34 44 16 29 50 20 23 30 2 7 42 21 31 22 1 49 32 18 17 3 45 19 41 8 9 10 33 43 15 48 46 25 12 28 27 26 47 14 13 52 11 51 4 6 5 24 38 37 40)
10000 (39 36 35 34 44 16 29 50 20 23 30 2 7 42 21 31 22 1 49 32 18 17 3 45 19 41 8 9 10 33 43 15 48 46 25 12 28 27 26 47 14 13 52 11 51 4 6 5 24 38 37 40)
10000 (39 36 35 34 44 16 29 50 20 23 30 2 7 42 21 31 22 1 49 32 18 17 3 45 19 41 8 9 10 33 43 15 48 46 25 12 28 27 26 47 14 13 52 11 51 4 6 5 24 38 37 40)
10000 (39 36 35 34 44 16 29 50 20 23 30 2 7 42 21 31 22 1 49 32 18 17 3 45 19 41 8 9 10 33 43 15 48 46 25 12 28 27 26 47 14 13 52 11 51 4 6 5 24 38 37 40)
10000 (39 36 35 34 44 16 29 50 20 23 30 2 7 42 21 31 22 1 49 32 18 17 3 45 19 41 8 9 10 33 43 15 48 46 25 12 28 27 26 47 14 13 52 11 51 4 6 5 24 38 37 40)
10000 (39 36 35 34 44 16 29 50 20 23 30 2 7 42 21 31 22 1 49 32 18 17 3 45 19 41 8 9 10 33 43 15 48 46 25 12 28 27 26 47 14 13 52 11 51 4 6 5 24 38 37 40)
10000 (39 36 35 34 44 16 29 50 20 23 30 2 7 42 21 31 22 1 49 32 18 17 3 45 19 41 8 9 10 33 43 15 48 46 25 12 28 27 26 47 14 13 52 11 51 4 6 5 24 38 37 40)
10000 (39 36 35 34 44 16 29 50 20 23 30 2 7 42 21 31 22 1 49 32 18 17 3 45 19 41 8 9 10 33 43 15 48 46 25 12 28 27 26 47 14 13 52 11 51 4 6 5 24 38 37 40)
10000 (39 36 35 34 44 16 29 50 20 23 30 2 7 42 21 31 22 1 49 32 18 17 3 45 19 41 8 9 10 33 43 15 48 46 25 12 28 27 26 47 14 13 52 11 51 4 6 5 24 38 37 40)
10000 (39 36 35 34 44 16 29 50 20 23 30 2 7 42 21 31 22 1 49 32 18 17 3 45 19 41 8 9 10 33 43 15 48 46 25 12 28 27 26 47 14 13 52 11 51 4 6 5 24 38 37 40)
10000 (39 36 35 34 44 16 29 50 20 23 30 2 7 42 21 31 22 1 49 32 18 17 3 45 19 41 8 9 10 33 43 15 48 46 25 12 28 27 26 47 14 13 52 11 51 4 6 5 24 38 37 40)
10000 (39 36 35 34 44 16 29 50 20 23 30 2 7 42 21 31 22 1 49 32 18 17 3 45 19 41 8 9 10 33 43 15 48 46 25 12 28 27 26 47 14 13 52 11 51 4 6 5 24 38 37 40)
10000 (39 36 35 34 44 16 29 50 20 23 30 2 7 42 21 31 22 1 49 32 18 17 3 45 19 41 8 9 10 33 43 15 48 46 25 12 28 27 26 47 14 13 52 11 51 4 6 5 24 38 37 40)
10000 (39 36 35 34 44 16 29 50 20 23 30 2 7 42 21 31 22 1 49 32 18 17 3 45 19 41 8 9 10 33 43 15 48 46 25 12 28 27 26 47 14 13 52 11 51 4 6 5 24 38 37 40)
10000 (39 36 35 34 44 16 29 50 20 23 30 2 7 42 21 31 22 1 49 32 18 17 3 45 19 41 8 9 10 33 43 15 48 46 25 12 28 27 26 47 14 13 52 11 51 4 6 5 24 38 37 40)
10000 (39 36 35 34 44 16 29 50 20 23 30 2 7 42 21 31 22 1 49 32 18 17 3 45 19 41 8 9 10 33 43 15 48 46 25 12 28 27 26 47 14 13 52 11 51 4 6 5 24 38 37 40)
10000 (39 36 35 34 44 16 29 50 20 23 30 2 7 42 21 31 22 1 49 32 18 17 3 45 19 41 8 9 10 33 43 15 48 46 25 12 28 27 26 47 14 13 52 11 51 4 6 5 24 38 37 40)
10000 (39 36 35 34 44 16 29 50 20 23 30 2 7 42 21 31 22 1 49 32 18 17 3 45 19 41 8 9 10 33 43 15 48 46 25 12 28 27 26 47 14 13 52 11 51 4 6 5 24 38 37 40)
10000 (39 36 35 34 44 16 29 50 20 23 30 2 7 42 21 31 22 1 49 32 18 17 3 45 19 41 8 9 10 33 43 15 48 46 25 12 28 27 26 47 14 13 52 11 51 4 6 5 24 38 37 40)
10000 (39 36 35 34 44 16 29 50 20 23 30 2 7 42 21 31 22 1 49 32 18 17 3 45 19 41 8 9 10 33 43 15 48 46 25 12 28 27 26 47 14 13 52 11 51 4 6 5 24 38 37 40)
10000 (39 36 35 34 44 16 29 50 20 23 30 2 7 42 21 31 22 1 49 32 18 17 3 45 19 41 8 9 10 33 43 15 48 46 25 12 28 27 26 47 14 13 52 11 51 4 6 5 24 38 37 40)
10000 (39 36 35 34 44 16 29 50 20 23 30 2 7 42 21 31 22 1 49 32 18 17 3 45 19 41 8 9 10 33 43 15 48 46 25 12 28 27 26 47 14 13 52 11 51 4 6 5 24 38 37 40)
10000 (39 36 35 34 44 16 29 50 20 23 30 2 7 42 21 31 22 1 49 32 18 17 3 45 19 41 8 9 10 33 43 15 48 46 25 12 28 27 26 47 14 13 52 11 51 4 6 5 24 38 37 40)
10000 (39 36 35 34 44 16 29 50 20 23 30 2 7 42 21 31 22 1 49 32 18 17 3 45 19 41 8 9 10 33 43 15 48 46 25 12 28 27 26 47 14 13 52 11 51 4 6 5 24 38 37 40)
10000 (39 36 35 34 44 16 29 50 20 23 30 2 7 42 21 31 22 1 49 32 18 17 3 45 19 41 8 9 10 33 43 15 48 46 25 12 28 27 26 47 14 13 52 11 51 4 6 5 24 38 37 40)
10000 (39 36 35 34 44 16 29 50 20 23 30 2 7 42 21 31 22 1 49 32 18 17 3 45 19 41 8 9 10 33 43 15 48 46 25 12 28 27 26 47 14 13 52 11 51 4 6 5 24 38 37 40)
10000 (39 36 35 34 44 16 29 50 20 23 30 2 7 42 21 31 22 1 49 32 18 17 3 45 19 41 8 9 10 33 43 15 48 46 25 12 28 27 26 47 14 13 52 11 51 4 6 5 24 38 37 40)
10000 (39 36 35 34 44 16 29 50 20 23 30 2 7 42 21 31 22 1 49 32 18 17 3 45 19 41 8 9 10 33 43 15 48 46 25 12 28 27 26 47 14 13 52 11 51 4 6 5 24 38 37 40)
10000 (39 36 35 34 44 16 29 50 20 23 30 2 7 42 21 31 22 1 49 32 18 17 3 45 19 41 8 9 10 33 43 15 48 46 25 12 28 27 26 47 14 13 52 11 51 4 6 5 24 38 37 40)
10000 (39 36 35 34 44 16 29 50 20 23 30 2 7 42 21 31 22 1 49 32 18 17 3 45 19 41 8 9 10 33 43 15 48 46 25 12 28 27 26 47 14 13 52 11 51 4 6 5 24 38 37 40)
10000 (39 36 35 34 44 16 29 50 20 23 30 2 7 42 21 31 22 1 49 32 18 17 3 45 19 41 8 9 10 33 43 15 48 46 25 12 28 27 26 47 14 13 52 11 51 4 6 5 24 38 37 40)
10000 (39 36 35 34 44 16 29 50 20 23 30 2 7 42 21 31 22 1 49 32 18 17 3 45 19 41 8 9 10 33 43 15 48 46 25 12 28 27 26 47 14 13 52 11 51 4 6 5 24 38 37 40)
10000 (39 36 35 34 44 16 29 50 20 23 30 2 7 42 21 31 22 1 49 32 18 17 3 45 19 41 8 9 10 33 43 15 48 46 25 12 28 27 26 47 14 13 52 11 51 4 6 5 24 38 37 40)
10000 (39 36 35 34 44 16 29 50 20 23 30 2 7 42 21 31 22 1 49 32 18 17 3 45 19 41 8 9 10 33 43 15 48 46 25 12 28 27 26 47 14 13 52 11 51 4 6 5 24 38 37 40)
10000 (39 36 35 34 44 16 29 50 20 23 30 2 7 42 21 31 22 1 49 32 18 17 3 45 19 41 8 9 10 33 43 15 48 46 25 12 28 27 26 47 14 13 52 11 51 4 6 5 24 38 37 40)
10000 (39 36 35 34 44 16 29 50 20 23 30 2 7 42 21 31 22 1 49 32 18 17 3 45 19 41 8 9 10 33 43 15 48 46 25 12 28 27 26 47 14 13 52 11 51 4 6 5 24 38 37 40)
10000 (39 36 35 34 44 16 29 50 20 23 30 2 7 42 21 31 22 1 49 32 18 17 3 45 19 41 8 9 10 33 43 15 48 46 25 12 28 27 26 47 14 13 52 11 51 4 6 5 24 38 37 40)
10000 (39 36 35 34 44 16 29 50 20 23 30 2 7 42 21 31 22 1 49 32 18 17 3 45 19 41 8 9 10 33 43 15 48 46 25 12 28 27 26 47 14 13 52 11 51 4 6 5 24 38 37 40)
10000 (39 36 35 34 44 16 29 50 20 23 30 2 7 42 21 31 22 1 49 32 18 17 3 45 19 41 8 9 10 33 43 15 48 46 25 12 28 27 26 47 14 13 52 11 51 4 6 5 24 38 37 40)
10000 (39 36 35 34 44 16 29 50 20 23 30 2 7 42 21 31 22 1 49 32 18 17 3 45 19 41 8 9 10 33 43 15 48 46 25 12 28 27 26 47 14 13 52 11 51 4 6 5 24 38 37 40)
10000 (39 36 35 34 44 16 29 50 20 23 30 2 7 42 21 31 22 1 49 32 18 17 3 45 19 41 8 9 10 33 43 15 48 46 25 12 28 27 26 47 14 13 52 11 51 4 6 5 24 38 37 40)
10000 (39 36 35 34 44 16 29 50 20 23 30 2 7 42 21 31 22 1 49 32 18 17 3 45 19 41 8 9 10 33 43 15 48 46 25 12 28 27 26 47 14 13 52 11 51 4 6 5 24 38 37 40)
10000 (39 36 35 34 44 16 29 50 20 23 30 2 7 42 21 31 22 1 49 32 18 17 3 45 19 41 8 9 10 33 43 15 48 46 25 12 28 27 26 47 14 13 52 11 51 4 6 5 24 38 37 40)
10000 (39 36 35 34 44 16 29 50 20 23 30 2 7 42 21 31 22 1 49 32 18 17 3 45 19 41 8 9 10 33 43 15 48 46 25 12 28 27 26 47 14 13 52 11 51 4 6 5 24 38 37 40)
10000 (39 36 35 34 44 16 29 50 20 23 30 2 7 42 21 31 22 1 49 32 18 17 3 45 19 41 8 9 10 33 43 15 48 46 25 12 28 27 26 47 14 13 52 11 51 4 6 5 24 38 37 40)
10000 (39 36 35 34 44 16 29 50 20 23 30 2 7 42 21 31 22 1 49 32 18 17 3 45 19 41 8 9 10 33 43 15 48 46 25 12 28 27 26 47 14 13 52 11 51 4 6 5 24 38 37 40)
10000 (39 36 35 34 44 16 29 50 20 23 30 2 7 42 21 31 22 1 49 32 18 17 3 45 19 41 8 9 10 33 43 15 48 46 25 12 28 27 26 47 14 13 52 11 51 4 6 5 24 38 37 40)
10000 (39 36 35 34 44 16 29 50 20 23 30 2 7 42 21 31 22 1 49 32 18 17 3 45 19 41 8 9 10 33 43 15 48 46 25 12 28 27 26 47 14 13 52 11 51 4 6 5 24 38 37 40)
10000 (39 36 35 34 44 16 29 50 20 23 30 2 7 42 21 31 22 1 49 32 18 17 3 45 19 41 8 9 10 33 43 15 48 46 25 12 28 27 26 47 14 13 52 11 51 4 6 5 24 38 37 40)
10000 (39 36 35 34 44 16 29 50 20 23 30 2 7 42 21 31 22 1 49 32 18 17 3 45 19 41 8 9 10 33 43 15 48 46 25 12 28 27 26 47 14 13 52 11 51 4 6 5 24 38 37 40)
10000 (39 36 35 34 44 16 29 50 20 23 30 2 7 42 21 31 22 1 49 32 18 17 3 45 19 41 8 9 10 33 43 15 48 46 25 12 28 27 26 47 14 13 52 11 51 4 6 5 24 38 37 40)
10000 (39 36 35 34 44 16 29 50 20 23 30 2 7 42 21 31 22 1 49 32 18 17 3 45 19 41 8 9 10 33 43 15 48 46 25 12 28 27 26 47 14 13 52 11 51 4 6 5 24 38 37 40)
10000 (39 36 35 34 44 16 29 50 20 23 30 2 7 42 21 31 22 1 49 32 18 17 3 45 19 41 8 9 10 33 43 15 48 46 25 12 28 27 26 47 14 13 52 11 51 4 6 5 24 38 37 40)
10000 (39 36 35 34 44 16 29 50 20 23 30 2 7 42 21 31 22 1 49 32 18 17 3 45 19 41 8 9 10 33 43 15 48 46 25 12 28 27 26 47 14 13 52 11 51 4 6 5 24 38 37 40)
10000 (39 36 35 34 44 16 29 50 20 23 30 2 7 42 21 31 22 1 49 32 18 17 3 45 19 41 8 9 10 33 43 15 48 46 25 12 28 27 26 47 14 13 52 11 51 4 6 5 24 38 37 40)
10000 (39 36 35 34 44 16 29 50 20 23 30 2 7 42 21 31 22 1 49 32 18 17 3 45 19 41 8 9 10 33 43 15 48 46 25 12 28 27 26 47 14 13 52 11 51 4 6 5 24 38 37 40)
10000 (39 36 35 34 44 16 29 50 20 23 30 2 7 42 21 31 22 1 49 32 18 17 3 45 19 41 8 9 10 33 43 15 48 46 25 12 28 27 26 47 14 13 52 11 51 4 6 5 24 38 37 40)
10000 (39 36 35 34 44 16 29 50 20 23 30 2 7 42 21 31 22 1 49 32 18 17 3 45 19 41 8 9 10 33 43 15 48 46 25 12 28 27 26 47 14 13 52 11 51 4 6 5 24 38 37 40)
10000 (39 36 35 34 44 16 29 50 20 23 30 2 7 42 21 31 22 1 49 32 18 17 3 45 19 41 8 9 10 33 43 15 48 46 25 12 28 27 26 47 14 13 52 11 51 4 6 5 24 38 37 40)
10000 (39 36 35 34 44 16 29 50 20 23 30 2 7 42 21 31 22 1 49 32 18 17 3 45 19 41 8 9 10 33 43 15 48 46 25 12 28 27 26 47 14 13 52 11 51 4 6 5 24 38 37 40)
10000 (39 36 35 34 44 16 29 50 20 23 30 2 7 42 21 31 22 1 49 32 18 17 3 45 19 41 8 9 10 33 43 15 48 46 25 12 28 27 26 47 14 13 52 11 51 4 6 5 24 38 37 40)
10000 (39 36 35 34 44 16 29 50 20 23 30 2 7 42 21 31 22 1 49 32 18 17 3 45 19 41 8 9 10 33 43 15 48 46 25 12 28 27 26 47 14 13 52 11 51 4 6 5 24 38 37 40)
10000 (39 36 35 34 44 16 29 50 20 23 30 2 7 42 21 31 22 1 49 32 18 17 3 45 19 41 8 9 10 33 43 15 48 46 25 12 28 27 26 47 14 13 52 11 51 4 6 5 24 38 37 40)
10000 (39 36 35 34 44 16 29 50 20 23 30 2 7 42 21 31 22 1 49 32 18 17 3 45 19 41 8 9 10 33 43 15 48 46 25 12 28 27 26 47 14 13 52 11 51 4 6 5 24 38 37 40)
10000 (39 36 35 34 44 16 29 50 20 23 30 2 7 42 21 31 22 1 49 32 18 17 3 45 19 41 8 9 10 33 43 15 48 46 25 12 28 27 26 47 14 13 52 11 51 4 6 5 24 38 37 40)
10000 (39 36 35 34 44 16 29 50 20 23 30 2 7 42 21 31 22 1 49 32 18 17 3 45 19 41 8 9 10 33 43 15 48 46 25 12 28 27 26 47 14 13 52 11 51 4 6 5 24 38 37 40)
10000 (39 36 35 34 44 16 29 50 20 23 30 2 7 42 21 31 22 1 49 32 18 17 3 45 19 41 8 9 10 33 43 15 48 46 25 12 28 27 26 47 14 13 52 11 51 4 6 5 24 38 37 40)
10000 (39 36 35 34 44 16 29 50 20 23 30 2 7 42 21 31 22 1 49 32 18 17 3 45 19 41 8 9 10 33 43 15 48 46 25 12 28 27 26 47 14 13 52 11 51 4 6 5 24 38 37 40)
10000 (39 36 35 34 44 16 29 50 20 23 30 2 7 42 21 31 22 1 49 32 18 17 3 45 19 41 8 9 10 33 43 15 48 46 25 12 28 27 26 47 14 13 52 11 51 4 6 5 24 38 37 40)
10000 (39 36 35 34 44 16 29 50 20 23 30 2 7 42 21 31 22 1 49 32 18 17 3 45 19 41 8 9 10 33 43 15 48 46 25 12 28 27 26 47 14 13 52 11 51 4 6 5 24 38 37 40)
10000 (39 36 35 34 44 16 29 50 20 23 30 2 7 42 21 31 22 1 49 32 18 17 3 45 19 41 8 9 10 33 43 15 48 46 25 12 28 27 26 47 14 13 52 11 51 4 6 5 24 38 37 40)
10000 (39 36 35 34 44 16 29 50 20 23 30 2 7 42 21 31 22 1 49 32 18 17 3 45 19 41 8 9 10 33 43 15 48 46 25 12 28 27 26 47 14 13 52 11 51 4 6 5 24 38 37 40)
10000 (39 36 35 34 44 16 29 50 20 23 30 2 7 42 21 31 22 1 49 32 18 17 3 45 19 41 8 9 10 33 43 15 48 46 25 12 28 27 26 47 14 13 52 11 51 4 6 5 24 38 37 40)
10000 (39 36 35 34 44 16 29 50 20 23 30 2 7 42 21 31 22 1 49 32 18 17 3 45 19 41 8 9 10 33 43 15 48 46 25 12 28 27 26 47 14 13 52 11 51 4 6 5 24 38 37 40)
10000 (39 36 35 34 44 16 29 50 20 23 30 2 7 42 21 31 22 1 49 32 18 17 3 45 19 41 8 9 10 33 43 15 48 46 25 12 28 27 26 47 14 13 52 11 51 4 6 5 24 38 37 40)
10000 (39 36 35 34 44 16 29 50 20 23 30 2 7 42 21 31 22 1 49 32 18 17 3 45 19 41 8 9 10 33 43 15 48 46 25 12 28 27 26 47 14 13 52 11 51 4 6 5 24 38 37 40)
10000 (39 36 35 34 44 16 29 50 20 23 30 2 7 42 21 31 22 1 49 32 18 17 3 45 19 41 8 9 10 33 43 15 48 46 25 12 28 27 26 47 14 13 52 11 51 4 6 5 24 38 37 40)
10000 (39 36 35 34 44 16 29 50 20 23 30 2 7 42 21 31 22 1 49 32 18 17 3 45 19 41 8 9 10 33 43 15 48 46 25 12 28 27 26 47 14 13 52 11 51 4 6 5 24 38 37 40)
10000 (39 36 35 34 44 16 29 50 20 23 30 2 7 42 21 31 22 1 49 32 18 17 3 45 19 41 8 9 10 33 43 15 48 46 25 12 28 27 26 47 14 13 52 11 51 4 6 5 24 38 37 40)
10000 (39 36 35 34 44 16 29 50 20 23 30 2 7 42 21 31 22 1 49 32 18 17 3 45 19 41 8 9 10 33 43 15 48 46 25 12 28 27 26 47 14 13 52 11 51 4 6 5 24 38 37 40)
10000 (39 36 35 34 44 16 29 50 20 23 30 2 7 42 21 31 22 1 49 32 18 17 3 45 19 41 8 9 10 33 43 15 48 46 25 12 28 27 26 47 14 13 52 11 51 4 6 5 24 38 37 40)
10000 (39 36 35 34 44 16 29 50 20 23 30 2 7 42 21 31 22 1 49 32 18 17 3 45 19 41 8 9 10 33 43 15 48 46 25 12 28 27 26 47 14 13 52 11 51 4 6 5 24 38 37 40)
10000 (39 36 35 34 44 16 29 50 20 23 30 2 7 42 21 31 22 1 49 32 18 17 3 45 19 41 8 9 10 33 43 15 48 46 25 12 28 27 26 47 14 13 52 11 51 4 6 5 24 38 37 40)
10000 (39 36 35 34 44 16 29 50 20 23 30 2 7 42 21 31 22 1 49 32 18 17 3 45 19 41 8 9 10 33 43 15 48 46 25 12 28 27 26 47 14 13 52 11 51 4 6 5 24 38 37 40)
10000 (39 36 35 34 44 16 29 50 20 23 30 2 7 42 21 31 22 1 49 32 18 17 3 45 19 41 8 9 10 33 43 15 48 46 25 12 28 27 26 47 14 13 52 11 51 4 6 5 24 38 37 40)
10000 (39 36 35 34 44 16 29 50 20 23 30 2 7 42 21 31 22 1 49 32 18 17 3 45 19 41 8 9 10 33 43 15 48 46 25 12 28 27 26 47 14 13 52 11 51 4 6 5 24 38 37 40)
10000 (39 36 35 34 44 16 29 50 20 23 30 2 7 42 21 31 22 1 49 32 18 17 3 45 19 41 8 9 10 33 43 15 48 46 25 12 28 27 26 47 14 13 52 11 51 4 6 5 24 38 37 40)
10000 (39 36 35 34 44 16 29 50 20 23 30 2 7 42 21 31 22 1 49 32 18 17 3 45 19 41 8 9 10 33 43 15 48 46 25 12 28 27 26 47 14 13 52 11 51 4 6 5 24 38 37 40)
10000 (39 36 35 34 44 16 29 50 20 23 30 2 7 42 21 31 22 1 49 32 18 17 3 45 19 41 8 9 10 33 43 15 48 46 25 12 28 27 26 47 14 13 52 11 51 4 6 5 24 38 37 40)
10000 (39 36 35 34 44 16 29 50 20 23 30 2 7 42 21 31 22 1 49 32 18 17 3 45 19 41 8 9 10 33 43 15 48 46 25 12 28 27 26 47 14 13 52 11 51 4 6 5 24 38 37 40)
10000 (39 36 35 34 44 16 29 50 20 23 30 2 7 42 21 31 22 1 49 32 18 17 3 45 19 41 8 9 10 33 43 15 48 46 25 12 28 27 26 47 14 13 52 11 51 4 6 5 24 38 37 40)
10000 (39 36 35 34 44 16 29 50 20 23 30 2 7 42 21 31 22 1 49 32 18 17 3 45 19 41 8 9 10 33 43 15 48 46 25 12 28 27 26 47 14 13 52 11 51 4 6 5 24 38 37 40)
10000 (39 36 35 34 44 16 29 50 20 23 30 2 7 42 21 31 22 1 49 32 18 17 3 45 19 41 8 9 10 33 43 15 48 46 25 12 28 27 26 47 14 13 52 11 51 4 6 5 24 38 37 40)
10000 (39 36 35 34 44 16 29 50 20 23 30 2 7 42 21 31 22 1 49 32 18 17 3 45 19 41 8 9 10 33 43 15 48 46 25 12 28 27 26 47 14 13 52 11 51 4 6 5 24 38 37 40)
10000 (39 36 35 34 44 16 29 50 20 23 30 2 7 42 21 31 22 1 49 32 18 17 3 45 19 41 8 9 10 33 43 15 48 46 25 12 28 27 26 47 14 13 52 11 51 4 6 5 24 38 37 40)
10000 (39 36 35 34 44 16 29 50 20 23 30 2 7 42 21 31 22 1 49 32 18 17 3 45 19 41 8 9 10 33 43 15 48 46 25 12 28 27 26 47 14 13 52 11 51 4 6 5 24 38 37 40)
