Iteration 0:
	30665 (42 8 6 22 30 37 44 4 40 39 31 1 41 28 15 18 45 49 46 32 26 29 7 36 27 20 38 5 23 21 34 24 16 2 3 25 10 14 50 11 13 48 43 33 0 19 17 47 12 51 35 9 )
Iteration 1000:
	13725 (1 6 41 16 17 2 48 31 37 24 10 50 3 5 23 44 18 40 7 21 39 43 34 38 4 14 47 36 33 35 0 30 20 22 29 28 11 32 8 9 42 45 49 19 15 27 26 25 51 12 46 13 )
Iteration 2000:
	12865 (1 41 6 16 2 17 21 31 0 24 10 50 3 34 48 44 18 40 7 42 33 43 35 23 38 37 14 5 4 39 36 47 45 15 30 20 22 29 28 19 49 8 9 32 11 27 26 12 51 25 46 13 )
Iteration 3000:
	12295 (1 6 41 16 2 17 21 31 0 24 10 50 3 14 48 44 18 40 7 42 33 35 43 34 38 36 39 37 47 23 5 4 45 15 22 30 20 29 28 19 49 8 9 32 11 27 26 12 51 25 46 13 )
Iteration 4000:
	12295 (1 6 41 16 2 17 21 31 0 24 10 50 3 14 48 44 18 40 7 42 33 35 43 34 38 36 39 37 47 23 5 4 45 15 22 30 20 29 28 19 49 8 9 32 11 27 26 12 51 25 46 13 )
Iteration 5000:
	12295 (1 6 41 16 2 17 21 31 0 24 10 50 3 14 48 44 18 40 7 42 33 35 43 34 38 36 39 37 47 5 4 23 45 15 22 30 20 29 28 19 49 8 9 32 11 27 26 12 51 25 46 13 )
Iteration 6000:
	12015 (1 6 41 16 2 17 21 31 0 24 10 50 3 14 42 40 7 44 18 48 33 43 35 34 38 36 37 39 4 5 23 47 45 15 22 30 20 29 28 19 49 8 9 32 11 27 26 12 51 25 46 13 )
Iteration 7000:
	11990 (1 6 41 16 2 17 48 31 0 24 10 50 3 5 42 40 7 44 18 21 33 43 35 34 38 36 14 4 39 37 23 47 45 15 22 30 20 29 28 19 49 8 9 32 11 27 26 51 12 13 46 25 )
Iteration 8000:
	11990 (1 6 41 16 2 17 48 31 0 24 10 50 3 5 42 40 7 44 18 21 33 43 35 34 38 36 4 14 39 37 23 47 45 15 22 30 20 29 28 19 49 8 9 32 11 27 26 51 12 13 46 25 )
Iteration 9000:
	11990 (1 6 41 16 2 17 48 31 0 24 10 50 3 5 42 40 7 44 18 21 33 43 35 34 38 36 14 4 39 37 23 47 45 15 22 30 20 29 28 19 49 8 9 32 11 27 26 51 12 13 46 25 )
Iteration 10000:
	11935 (1 6 41 16 2 17 21 31 0 24 10 50 3 14 42 40 7 44 18 48 33 43 35 34 38 36 39 37 4 5 23 47 45 15 22 30 20 29 28 49 19 8 9 32 11 27 26 12 51 25 46 13 )
Iteration 11000:
	11935 (1 6 41 16 2 17 21 31 0 24 10 50 3 14 42 40 7 44 18 48 33 43 35 34 38 36 39 37 4 5 23 47 45 15 22 30 20 29 28 49 19 8 9 32 11 27 26 12 51 25 46 13 )
Iteration 12000:
	11850 (1 6 41 16 2 17 21 0 31 24 10 50 3 14 42 40 7 44 18 48 33 43 35 34 38 36 39 37 5 4 23 47 45 15 22 30 20 29 28 49 19 8 9 32 11 27 26 12 51 13 46 25 )
Iteration 13000:
	11850 (1 6 41 16 2 17 21 0 31 24 10 50 3 14 42 40 7 44 18 48 33 43 35 34 38 36 39 37 5 4 23 47 45 15 22 30 20 29 28 49 19 8 9 32 11 27 26 12 51 13 46 25 )
Iteration 14000:
	11790 (1 6 41 16 2 17 21 0 33 24 10 50 3 14 42 40 7 44 18 48 31 34 35 43 38 39 36 37 5 4 23 47 45 15 22 30 20 29 28 49 19 8 9 32 11 27 26 12 51 13 46 25 )
Iteration 15000:
	11790 (1 6 41 16 2 17 21 0 33 24 10 50 3 14 42 40 7 44 18 48 31 34 35 43 38 39 36 37 5 4 23 47 45 15 22 30 20 29 28 49 19 8 9 32 11 27 26 12 51 13 46 25 )
Iteration 16000:
	11790 (1 6 41 16 2 17 21 0 33 24 10 50 3 14 42 40 7 44 18 48 31 34 35 43 38 39 36 37 5 4 23 47 45 15 22 30 20 29 28 49 19 8 9 32 11 27 26 12 51 13 46 25 )
Iteration 17000:
	11790 (1 6 41 16 2 17 21 0 33 24 10 50 3 14 42 40 7 44 18 48 31 34 35 43 38 39 36 37 5 4 23 47 45 15 22 30 20 29 28 49 19 8 9 32 11 27 26 12 51 13 46 25 )
Iteration 18000:
	11790 (1 6 41 16 2 17 21 0 33 24 10 50 3 14 42 40 7 44 18 48 31 34 43 35 38 39 36 37 5 4 23 47 45 15 22 30 20 29 28 49 19 8 9 32 11 27 26 12 51 13 46 25 )
Iteration 19000:
	11790 (1 6 41 16 2 17 21 0 33 24 10 50 3 14 42 40 7 44 18 48 31 34 43 35 38 39 36 37 4 5 23 47 45 15 22 30 20 29 28 49 19 8 9 32 11 27 26 12 51 13 46 25 )
Iteration 20000:
	11700 (1 6 41 16 2 17 21 0 31 24 10 50 3 14 42 40 7 18 44 48 33 34 35 43 38 36 39 37 4 5 23 47 45 15 22 30 20 29 28 49 19 8 9 32 11 27 26 12 51 13 46 25 )
Iteration 21000:
	11670 (1 6 41 16 2 17 21 0 38 24 10 50 3 14 42 40 7 18 44 48 31 34 35 43 33 36 39 37 4 5 23 47 45 15 22 30 20 29 28 49 19 8 9 32 11 27 26 12 51 13 46 25 )
Iteration 22000:
	11670 (1 6 41 16 2 17 21 0 38 24 10 50 3 14 42 40 7 18 44 48 31 34 35 43 33 36 39 37 5 4 23 47 45 15 22 30 20 29 28 49 19 8 9 32 11 27 26 12 51 13 46 25 )
Iteration 23000:
	11670 (1 6 41 16 2 17 21 0 38 24 10 50 3 14 42 40 7 18 44 48 31 34 35 43 33 36 39 37 5 4 23 47 45 15 22 30 20 29 28 49 19 8 9 32 11 27 26 12 51 13 46 25 )
Iteration 24000:
	11650 (1 6 41 16 2 17 21 0 33 24 10 50 3 14 42 40 7 44 18 31 48 34 43 35 38 39 36 37 4 5 23 47 45 15 22 30 20 29 28 49 19 8 9 32 11 27 26 12 51 13 46 25 )
Iteration 25000:
	11650 (1 6 41 16 2 17 21 0 33 24 10 50 3 14 42 40 7 44 18 31 48 34 43 35 38 39 36 37 4 5 23 47 45 15 22 30 20 29 28 49 19 8 9 32 11 27 26 12 51 13 46 25 )
Iteration 26000:
	11650 (1 6 41 16 2 17 21 0 33 24 10 50 3 14 42 40 7 44 18 31 48 34 43 35 38 39 36 37 4 5 23 47 45 15 22 30 20 29 28 49 19 8 9 32 11 27 26 12 51 13 46 25 )
Iteration 27000:
	11650 (1 6 41 16 2 17 21 0 33 24 10 50 3 14 42 40 7 44 18 31 48 34 43 35 38 39 36 37 5 4 23 47 45 15 22 30 20 29 28 49 19 8 9 32 11 27 26 12 51 13 46 25 )
Iteration 28000:
	11650 (1 6 41 16 2 17 21 0 33 24 10 50 3 14 42 40 7 44 18 31 48 34 43 35 38 39 36 37 5 4 23 47 45 15 22 30 20 29 28 49 19 8 9 32 11 27 26 12 51 13 46 25 )
Iteration 29000:
	11570 (1 6 41 16 2 17 21 48 43 24 10 50 3 14 42 40 7 18 44 31 0 33 34 35 38 39 36 37 5 4 23 47 45 15 22 30 20 29 28 49 19 8 9 32 11 27 26 12 51 13 46 25 )
Iteration 30000:
	11570 (1 6 41 16 2 17 21 48 43 24 10 50 3 14 42 40 7 18 44 31 0 33 34 35 38 39 36 37 4 5 23 47 45 15 22 30 20 29 28 49 19 8 9 32 11 27 26 12 51 13 46 25 )
Iteration 31000:
	11570 (1 6 41 16 2 17 21 48 43 24 10 50 3 14 42 40 7 18 44 31 0 33 34 35 38 39 36 37 4 5 23 47 45 15 22 30 20 29 28 49 19 8 9 32 11 27 26 12 51 13 46 25 )
Iteration 32000:
	11570 (1 6 41 16 2 17 21 48 43 24 10 50 3 14 42 40 7 18 44 31 0 33 34 35 38 39 36 37 5 4 23 47 45 15 22 30 20 29 28 49 19 8 9 32 11 27 26 12 51 13 46 25 )
Iteration 33000:
	11570 (1 6 41 16 2 17 21 48 43 24 10 50 3 14 42 40 7 18 44 31 0 33 34 35 38 39 36 37 5 4 23 47 45 15 22 30 20 29 28 49 19 8 9 32 11 27 26 12 51 13 46 25 )
Iteration 34000:
	11570 (1 6 41 16 2 17 21 48 43 24 10 50 3 14 42 40 7 18 44 31 0 33 34 35 38 39 36 37 4 5 23 47 45 15 22 30 20 29 28 49 19 8 9 32 11 27 26 12 51 13 46 25 )
Iteration 35000:
	11570 (1 6 41 16 2 17 21 48 43 24 10 50 3 14 42 40 7 18 44 31 0 33 34 35 38 39 36 37 4 5 23 47 45 15 22 30 20 29 28 49 19 8 9 32 11 27 26 12 51 13 46 25 )
Iteration 36000:
	11570 (1 6 41 16 2 17 21 48 43 24 10 50 3 14 42 40 7 18 44 31 0 33 34 35 38 39 36 37 4 5 23 47 45 15 22 30 20 29 28 49 19 8 9 32 11 27 26 12 51 13 46 25 )
Iteration 37000:
	11560 (1 6 41 16 2 17 21 48 33 24 10 50 3 14 42 40 7 18 44 31 0 43 34 35 38 39 36 37 4 5 23 47 45 15 22 30 20 29 28 49 19 8 9 32 11 27 26 12 51 13 46 25 )
Iteration 38000:
	11560 (1 6 41 16 2 17 21 48 33 24 10 50 3 14 42 40 7 18 44 31 0 43 34 35 38 39 36 37 4 5 23 47 45 15 22 30 20 29 28 49 19 8 9 32 11 27 26 12 51 13 46 25 )
Iteration 39000:
	11560 (1 6 41 16 2 17 21 48 33 24 10 50 3 14 42 40 7 18 44 31 0 43 34 35 38 39 36 37 5 4 23 47 45 15 22 30 20 29 28 49 19 8 9 32 11 27 26 12 51 13 46 25 )
Iteration 40000:
	11560 (1 6 41 16 2 17 21 48 33 24 10 50 3 14 42 40 7 18 44 31 0 43 34 35 38 39 36 37 5 4 23 47 45 15 22 30 20 29 28 49 19 8 9 32 11 27 26 12 51 13 46 25 )
Iteration 41000:
	11560 (1 6 41 16 2 17 21 48 33 24 10 50 3 14 42 40 7 18 44 31 0 43 34 35 38 39 36 37 5 4 23 47 45 15 22 30 20 29 28 49 19 8 9 32 11 27 26 12 51 13 46 25 )
Iteration 42000:
	11560 (1 6 41 16 2 17 21 48 33 24 10 50 3 14 42 40 7 18 44 31 0 43 34 35 38 39 36 37 5 4 23 47 45 15 22 30 20 29 28 49 19 8 9 32 11 27 26 12 51 13 46 25 )
Iteration 43000:
	11560 (1 6 41 16 2 17 21 48 33 24 10 50 3 14 42 40 7 18 44 31 0 43 34 35 38 39 36 37 5 4 23 47 45 15 22 30 20 29 28 49 19 8 9 32 11 27 26 12 51 13 46 25 )
Iteration 44000:
	11560 (1 6 41 16 2 17 21 48 33 24 10 50 3 14 42 40 7 18 44 31 0 43 34 35 38 39 36 37 4 5 23 47 45 15 22 30 20 29 28 49 19 8 9 32 11 27 26 12 51 13 46 25 )
Iteration 45000:
	11560 (1 6 41 16 2 17 21 48 33 24 10 50 3 14 42 40 7 18 44 31 0 43 34 35 38 39 36 37 5 4 23 47 45 15 22 30 20 29 28 49 19 8 9 32 11 27 26 12 51 13 46 25 )
Iteration 46000:
	11560 (1 6 41 16 2 17 21 48 33 24 10 50 3 14 42 40 7 18 44 31 0 43 34 35 38 39 36 37 5 4 23 47 45 15 22 30 20 29 28 49 19 8 9 32 11 27 26 12 51 13 46 25 )
Iteration 47000:
	11560 (1 6 41 16 2 17 21 48 33 24 10 50 3 14 42 40 7 18 44 31 0 43 34 35 38 39 36 37 5 4 23 47 45 15 22 30 20 29 28 49 19 8 9 32 11 27 26 12 51 13 46 25 )
Iteration 48000:
	11560 (1 6 41 16 2 17 21 48 33 24 10 50 3 14 42 40 7 18 44 31 0 43 34 35 38 39 36 37 4 5 23 47 45 15 22 30 20 29 28 49 19 8 9 32 11 27 26 12 51 13 46 25 )
Iteration 49000:
	11560 (1 6 41 16 2 17 21 48 33 24 10 50 3 14 42 40 7 18 44 31 0 43 34 35 38 39 36 37 5 4 23 47 45 15 22 30 20 29 28 49 19 8 9 32 11 27 26 12 51 13 46 25 )
Iteration 50000:
	11560 (1 6 41 16 2 17 21 48 33 24 10 50 3 14 42 40 7 18 44 31 0 43 34 35 38 39 36 37 5 4 23 47 45 15 22 30 20 29 28 49 19 8 9 32 11 27 26 12 51 13 46 25 )
Iteration 51000:
	11490 (1 6 41 16 2 17 21 0 34 24 10 50 3 14 42 7 40 18 44 31 48 35 33 43 36 39 38 37 5 4 23 47 45 15 22 30 20 29 28 49 19 8 9 32 11 27 26 12 51 13 46 25 )
Iteration 52000:
	11490 (1 6 41 16 2 17 21 0 34 24 10 50 3 14 42 7 40 18 44 31 48 35 33 43 36 39 38 37 5 4 23 47 45 15 22 30 20 29 28 49 19 8 9 32 11 27 26 12 51 13 46 25 )
Iteration 53000:
	11490 (1 6 41 16 2 17 21 0 34 24 10 50 3 14 42 7 40 18 44 31 48 35 33 43 36 39 38 37 4 5 23 47 45 15 22 30 20 29 28 49 19 8 9 32 11 27 26 12 51 13 46 25 )
Iteration 54000:
	11490 (1 6 41 16 2 17 21 0 34 24 10 50 3 14 42 7 40 18 44 31 48 35 33 43 36 39 38 37 5 4 23 47 45 15 22 30 20 29 28 49 19 8 9 32 11 27 26 12 51 13 46 25 )
Iteration 55000:
	11490 (1 6 41 16 2 17 21 0 34 24 10 50 3 14 42 7 40 18 44 31 48 35 33 43 36 39 38 37 5 4 23 47 45 15 22 30 20 29 28 49 19 8 9 32 11 27 26 12 51 13 46 25 )
Iteration 56000:
	11460 (1 6 41 16 2 17 21 0 36 24 10 50 3 14 42 40 7 18 44 31 48 34 35 43 33 38 39 37 4 5 23 47 45 15 22 30 20 29 28 49 19 8 9 32 11 27 26 12 51 13 46 25 )
Iteration 57000:
	11460 (1 6 41 16 2 17 21 0 36 24 10 50 3 14 42 40 7 18 44 31 48 34 35 43 33 38 39 37 5 4 23 47 45 15 22 30 20 29 28 49 19 8 9 32 11 27 26 12 51 13 46 25 )
Iteration 58000:
	11460 (1 6 41 16 2 17 21 0 36 24 10 50 3 14 42 40 7 18 44 31 48 34 35 43 33 38 39 37 4 5 23 47 45 15 22 30 20 29 28 49 19 8 9 32 11 27 26 12 51 13 46 25 )
Iteration 59000:
	11460 (1 6 41 16 2 17 21 0 36 24 10 50 3 14 42 40 7 18 44 31 48 34 35 43 33 38 39 37 5 4 23 47 45 15 22 30 20 29 28 49 19 8 9 32 11 27 26 12 51 13 46 25 )
Iteration 60000:
	11460 (1 6 41 16 2 17 21 0 36 24 10 50 3 14 42 40 7 18 44 31 48 34 35 33 43 38 39 37 4 5 23 47 45 15 22 30 20 29 28 49 19 8 9 32 11 27 26 12 51 13 46 25 )
Iteration 61000:
	11460 (1 6 41 16 2 17 21 0 36 24 10 50 3 14 42 40 7 18 44 31 48 34 35 43 33 38 39 37 5 4 23 47 45 15 22 30 20 29 28 49 19 8 9 32 11 27 26 12 51 13 46 25 )
Iteration 62000:
	11460 (1 6 41 16 2 17 21 0 36 24 10 50 3 14 42 40 7 18 44 31 48 34 35 33 43 38 39 37 4 5 23 47 45 15 22 30 20 29 28 49 19 8 9 32 11 27 26 12 51 13 46 25 )
Iteration 63000:
	11460 (1 6 41 16 2 17 21 0 36 24 10 50 3 14 42 40 7 18 44 31 48 34 35 33 43 38 39 37 5 4 23 47 45 15 22 30 20 29 28 49 19 8 9 32 11 27 26 12 51 13 46 25 )
Iteration 64000:
	11460 (1 6 41 16 2 17 21 0 36 24 10 50 3 14 42 40 7 18 44 31 48 34 35 33 43 38 39 37 5 4 23 47 45 15 22 30 20 29 28 49 19 8 9 32 11 27 26 12 51 13 46 25 )
Iteration 65000:
	11460 (1 6 41 16 2 17 21 0 36 24 10 50 3 14 42 40 7 18 44 31 48 34 35 43 33 38 39 37 5 4 23 47 45 15 22 30 20 29 28 49 19 8 9 32 11 27 26 12 51 13 46 25 )
Iteration 66000:
	11460 (1 6 41 16 2 17 21 0 33 24 10 50 3 14 42 7 40 18 44 31 48 35 34 43 36 39 38 37 5 4 23 47 45 15 22 30 20 29 28 49 19 8 9 32 11 27 26 12 51 13 46 25 )
Iteration 67000:
	11460 (1 6 41 16 2 17 21 0 36 24 10 50 3 14 42 40 7 18 44 31 48 34 35 43 33 38 39 37 5 4 23 47 45 15 22 30 20 29 28 49 19 8 9 32 11 27 26 12 51 13 46 25 )
Iteration 68000:
	11460 (1 6 41 16 2 17 21 0 33 24 10 50 3 14 42 7 40 18 44 31 48 35 34 43 36 39 38 37 4 5 23 47 45 15 22 30 20 29 28 49 19 8 9 32 11 27 26 12 51 13 46 25 )
Iteration 69000:
	11460 (1 6 41 16 2 17 21 0 36 24 10 50 3 14 42 40 7 18 44 31 48 34 35 43 33 38 39 37 4 5 23 47 45 15 22 30 20 29 28 49 19 8 9 32 11 27 26 12 51 13 46 25 )
Iteration 70000:
	11460 (1 6 41 16 2 17 21 0 33 24 10 50 3 14 42 7 40 18 44 31 48 35 34 43 36 39 38 37 4 5 23 47 45 15 22 30 20 29 28 49 19 8 9 32 11 27 26 12 51 13 46 25 )
Iteration 71000:
	11460 (1 6 41 16 2 17 21 0 36 24 10 50 3 14 42 40 7 18 44 31 48 34 35 43 33 38 39 37 4 5 23 47 45 15 22 30 20 29 28 49 19 8 9 32 11 27 26 12 51 13 46 25 )
Iteration 72000:
	11430 (1 6 41 16 2 17 21 0 36 24 10 50 3 14 42 40 7 18 44 31 48 35 34 43 33 38 39 37 5 4 23 47 45 15 22 30 20 29 28 49 19 8 9 32 11 27 26 12 51 13 46 25 )
Iteration 73000:
	11430 (1 6 41 16 2 17 21 0 36 24 10 50 3 14 42 40 7 18 44 31 48 35 34 43 33 38 39 37 4 5 23 47 45 15 22 30 20 29 28 49 19 8 9 32 11 27 26 12 51 13 46 25 )
Iteration 74000:
	11430 (1 6 41 16 2 17 21 0 36 24 10 50 3 14 42 40 7 18 44 31 48 35 34 43 33 38 39 37 4 5 23 47 45 15 22 30 20 29 28 49 19 8 9 32 11 27 26 12 51 13 46 25 )
Iteration 75000:
	11430 (1 6 41 16 2 17 21 0 36 24 10 50 3 14 42 40 7 18 44 31 48 35 34 43 33 38 39 37 5 4 23 47 45 15 22 30 20 29 28 49 19 8 9 32 11 27 26 12 51 13 46 25 )
Iteration 76000:
	11430 (1 6 41 16 2 17 21 0 36 24 10 50 3 14 42 40 7 18 44 31 48 35 34 43 33 38 39 37 4 5 23 47 45 15 22 30 20 29 28 49 19 8 9 32 11 27 26 12 51 13 46 25 )
Iteration 77000:
	11430 (1 6 41 16 2 17 21 0 36 24 10 50 3 14 42 40 7 18 44 31 48 35 34 43 33 38 39 37 4 5 23 47 45 15 22 30 20 29 28 49 19 8 9 32 11 27 26 12 51 13 46 25 )
Iteration 78000:
	11430 (1 6 41 16 2 17 21 0 36 24 10 50 3 14 42 40 7 18 44 31 48 35 34 43 33 38 39 37 5 4 23 47 45 15 22 30 20 29 28 49 19 8 9 32 11 27 26 12 51 13 46 25 )
Iteration 79000:
	11430 (1 6 41 16 2 17 21 0 36 24 10 50 3 14 42 40 7 18 44 31 48 35 34 43 33 38 39 37 5 4 23 47 45 15 22 30 20 29 28 49 19 8 9 32 11 27 26 12 51 13 46 25 )
Iteration 80000:
	11430 (1 6 41 16 2 17 21 0 36 24 10 50 3 14 42 40 7 18 44 31 48 35 34 43 33 38 39 37 5 4 23 47 45 15 22 30 20 29 28 49 19 8 9 32 11 27 26 12 51 13 46 25 )
Iteration 81000:
	11430 (1 6 41 16 2 17 21 0 36 24 10 50 3 14 42 40 7 18 44 31 48 35 34 43 33 38 39 37 4 5 23 47 45 15 22 30 20 29 28 49 19 8 9 32 11 27 26 12 51 13 46 25 )
Iteration 82000:
	11430 (1 6 41 16 2 17 21 0 36 24 10 50 3 14 42 40 7 18 44 31 48 35 34 43 33 38 39 37 5 4 23 47 45 15 22 30 20 29 28 49 19 8 9 32 11 27 26 12 51 13 46 25 )
Iteration 83000:
	11430 (1 6 41 16 2 17 21 0 36 24 10 50 3 14 42 40 7 18 44 31 48 35 34 43 33 38 39 37 4 5 23 47 45 15 22 30 20 29 28 49 19 8 9 32 11 27 26 12 51 13 46 25 )
Iteration 84000:
	11430 (1 6 41 16 2 17 21 0 36 24 10 50 3 14 42 40 7 18 44 31 48 35 34 43 33 38 39 37 4 5 23 47 45 15 22 30 20 29 28 49 19 8 9 32 11 27 26 12 51 13 46 25 )
Iteration 85000:
	11430 (1 6 41 16 2 17 21 0 36 24 10 50 3 14 42 40 7 18 44 31 48 35 34 43 33 38 39 37 5 4 23 47 45 15 22 30 20 29 28 49 19 8 9 32 11 27 26 12 51 13 46 25 )
Iteration 86000:
	11430 (1 6 41 16 2 17 21 0 36 24 10 50 3 14 42 40 7 18 44 31 48 35 34 43 33 38 39 37 5 4 23 47 45 15 22 30 20 29 28 49 19 8 9 32 11 27 26 12 51 13 46 25 )
Iteration 87000:
	11430 (1 6 41 16 2 17 21 0 36 24 10 50 3 14 42 40 7 18 44 31 48 35 34 43 33 38 39 37 5 4 23 47 45 15 22 30 20 29 28 49 19 8 9 32 11 27 26 12 51 13 46 25 )
Iteration 88000:
	11430 (1 6 41 16 2 17 21 0 36 24 10 50 3 14 42 40 7 18 44 31 48 35 34 43 33 38 39 37 5 4 23 47 45 15 22 30 20 29 28 49 19 8 9 32 11 27 26 12 51 13 46 25 )
Iteration 89000:
	11385 (1 6 41 16 2 17 21 0 36 24 10 50 3 14 42 40 7 18 44 31 48 35 34 43 33 38 39 37 5 4 23 47 45 15 22 30 20 29 28 19 49 8 9 32 11 27 26 25 46 13 51 12 )
Iteration 90000:
	11385 (1 6 41 16 2 17 21 0 36 24 10 50 3 14 42 40 7 18 44 31 48 35 34 43 33 38 39 37 5 4 23 47 45 15 22 30 20 29 28 19 49 8 9 32 11 27 26 25 46 13 51 12 )
Iteration 91000:
	11385 (1 6 41 16 2 17 21 0 36 24 10 50 3 14 42 40 7 18 44 31 48 35 34 43 33 38 39 37 5 4 23 47 45 15 22 30 20 29 28 19 49 8 9 32 11 27 26 25 46 13 51 12 )
Iteration 92000:
	11385 (1 6 41 16 2 17 21 0 36 24 10 50 3 14 42 40 7 18 44 31 48 35 34 43 33 38 39 37 5 4 23 47 45 15 22 30 20 29 28 19 49 8 9 32 11 27 26 25 46 13 51 12 )
Iteration 93000:
	11385 (1 6 41 16 2 17 21 0 36 24 10 50 3 14 42 40 7 18 44 31 48 35 34 43 33 38 39 37 5 4 23 47 45 15 22 30 20 29 28 19 49 8 9 32 11 27 26 25 46 13 51 12 )
Iteration 94000:
	11385 (1 6 41 16 2 17 21 0 36 24 10 50 3 14 42 40 7 18 44 31 48 35 34 43 33 38 39 37 5 4 23 47 45 15 22 30 20 29 28 19 49 8 9 32 11 27 26 25 46 13 51 12 )
Iteration 95000:
	11385 (1 6 41 16 2 17 21 0 36 24 10 50 3 14 42 40 7 18 44 31 48 35 34 43 33 38 39 37 5 4 23 47 45 15 22 30 20 29 28 19 49 8 9 32 11 27 26 25 46 13 51 12 )
Iteration 96000:
	11385 (1 6 41 16 2 17 21 0 36 24 10 50 3 14 42 40 7 18 44 31 48 35 34 43 33 38 39 37 5 4 23 47 45 15 22 30 20 29 28 19 49 8 9 32 11 27 26 25 46 13 51 12 )
Iteration 97000:
	11385 (1 6 41 16 2 17 21 0 36 24 10 50 3 14 42 40 7 18 44 31 48 35 34 43 33 38 39 37 5 4 23 47 45 15 22 30 20 29 28 19 49 8 9 32 11 27 26 25 46 13 51 12 )
Iteration 98000:
	11385 (1 6 41 16 2 17 21 0 36 24 10 50 3 14 42 40 7 18 44 31 48 35 34 43 33 38 39 37 5 4 23 47 45 15 22 30 20 29 28 19 49 8 9 32 11 27 26 25 46 13 51 12 )
Iteration 99000:
	11235 (1 6 41 16 2 17 21 0 36 24 10 50 3 14 42 40 7 18 44 31 48 35 34 43 33 38 39 37 23 5 4 47 45 15 22 30 20 29 28 19 49 8 9 32 11 27 26 25 46 13 12 51 )
Iteration 100000:
	11235 (1 6 41 16 2 17 21 0 36 24 10 50 3 14 42 40 7 18 44 31 48 35 34 43 33 38 39 37 23 5 4 47 45 15 22 30 20 29 28 19 49 8 9 32 11 27 26 25 46 13 12 51 )
Iteration 101000:
	11235 (1 6 41 16 2 17 21 0 36 24 10 50 3 14 42 40 7 18 44 31 48 35 34 43 33 38 39 37 23 5 4 47 45 15 22 30 20 29 28 19 49 8 9 32 11 27 26 25 46 13 12 51 )
Iteration 102000:
	11235 (1 6 41 16 2 17 21 0 36 24 10 50 3 14 42 40 7 18 44 31 48 35 34 43 33 38 39 37 23 5 4 47 45 15 22 30 20 29 28 19 49 8 9 32 11 27 26 25 46 13 12 51 )
Iteration 103000:
	11235 (1 6 41 16 2 17 21 0 36 24 10 50 3 14 42 40 7 18 44 31 48 35 34 43 33 38 39 37 23 5 4 47 45 15 22 30 20 29 28 19 49 8 9 32 11 27 26 25 46 13 12 51 )
Iteration 104000:
	11235 (1 6 41 16 2 17 21 0 36 24 10 50 3 14 42 40 7 18 44 31 48 35 34 43 33 38 39 37 23 5 4 47 45 15 22 30 20 29 28 19 49 8 9 32 11 27 26 25 46 13 12 51 )
Iteration 105000:
	11235 (1 6 41 16 2 17 21 0 36 24 10 50 3 14 42 40 7 18 44 31 48 35 34 43 33 38 39 37 23 5 4 47 45 15 22 30 20 29 28 19 49 8 9 32 11 27 26 25 46 13 12 51 )
Iteration 106000:
	11235 (1 6 41 16 2 17 21 0 36 24 10 50 3 14 42 40 7 18 44 31 48 35 34 43 33 38 39 37 23 5 4 47 45 15 22 30 20 29 28 19 49 8 9 32 11 27 26 25 46 13 12 51 )
Iteration 107000:
	11235 (1 6 41 16 2 17 21 0 36 24 10 50 3 14 42 40 7 18 44 31 48 35 34 43 33 38 39 37 23 5 4 47 45 15 22 30 20 29 28 19 49 8 9 32 11 27 26 25 46 13 12 51 )
Iteration 108000:
	11235 (1 6 41 16 2 17 21 0 36 24 10 50 3 14 42 40 7 18 44 31 48 35 34 43 33 38 39 37 23 5 4 47 45 15 22 30 20 29 28 19 49 8 9 32 11 27 26 25 46 13 12 51 )
Iteration 109000:
	11235 (1 6 41 16 2 17 21 0 36 24 10 50 3 14 42 40 7 18 44 31 48 35 34 43 33 38 39 37 23 5 4 47 45 15 22 30 20 29 28 19 49 8 9 32 11 27 26 25 46 13 12 51 )
Iteration 110000:
	11235 (1 6 41 16 2 17 21 0 36 24 10 50 3 14 42 40 7 18 44 31 48 35 34 43 33 38 39 37 23 5 4 47 45 15 22 30 20 29 28 19 49 8 9 32 11 27 26 25 46 13 12 51 )
Iteration 111000:
	11235 (1 6 41 16 2 17 21 0 36 24 10 50 3 14 42 40 7 18 44 31 48 35 34 43 33 38 39 37 23 5 4 47 45 15 22 30 20 29 28 19 49 8 9 32 11 27 26 25 46 13 12 51 )
Iteration 112000:
	11235 (1 6 41 16 2 17 21 0 36 24 10 50 3 14 42 40 7 18 44 31 48 35 34 43 33 38 39 37 23 5 4 47 45 15 22 30 20 29 28 19 49 8 9 32 11 27 26 25 46 13 12 51 )
Iteration 113000:
	11235 (1 6 41 16 2 17 21 0 36 24 10 50 3 14 42 40 7 18 44 31 48 35 34 43 33 38 39 37 23 5 4 47 45 15 22 30 20 29 28 19 49 8 9 32 11 27 26 25 46 13 12 51 )
Iteration 114000:
	11235 (1 6 41 16 2 17 21 0 36 24 10 50 3 14 42 40 7 18 44 31 48 35 34 43 33 38 39 37 23 5 4 47 45 15 22 30 20 29 28 19 49 8 9 32 11 27 26 25 46 13 12 51 )
Iteration 115000:
	11235 (1 6 41 16 2 17 21 0 36 24 10 50 3 14 42 7 40 18 44 31 48 35 33 43 34 38 39 37 23 5 4 47 45 15 22 30 20 29 28 19 49 8 9 32 11 27 26 25 46 13 12 51 )
Iteration 116000:
	11235 (1 6 41 16 2 17 21 0 36 24 10 50 3 14 42 7 40 18 44 31 48 35 33 43 34 38 39 37 23 5 4 47 45 15 22 30 20 29 28 19 49 8 9 32 11 27 26 25 46 13 12 51 )
Iteration 117000:
	11235 (1 6 41 16 2 17 21 0 36 24 10 50 3 14 42 40 7 18 44 31 48 35 34 43 33 38 39 37 23 5 4 47 45 15 22 30 20 29 28 19 49 8 9 32 11 27 26 25 46 13 12 51 )
Iteration 118000:
	11235 (1 6 41 16 2 17 21 0 36 24 10 50 3 14 42 7 40 18 44 31 48 35 33 43 34 38 39 37 23 5 4 47 45 15 22 30 20 29 28 19 49 8 9 32 11 27 26 25 46 13 12 51 )
Iteration 119000:
	11235 (1 6 41 16 2 17 21 0 36 24 10 50 3 14 42 40 7 18 44 31 48 35 34 43 33 38 39 37 23 5 4 47 45 15 22 30 20 29 28 19 49 8 9 32 11 27 26 25 46 13 12 51 )
Iteration 120000:
	11235 (1 6 41 16 2 17 21 0 36 24 10 50 3 14 42 7 40 18 44 31 48 35 33 43 34 38 39 37 23 4 5 47 45 15 22 30 20 29 28 19 49 8 9 32 11 27 26 25 46 13 12 51 )
Iteration 121000:
	11235 (1 6 41 16 2 17 21 0 36 24 10 50 3 14 42 7 40 18 44 31 48 35 33 43 34 38 39 37 23 4 5 47 45 15 22 30 20 29 28 19 49 8 9 32 11 27 26 25 46 13 12 51 )
Iteration 122000:
	11235 (1 6 41 16 2 17 21 0 36 24 10 50 3 14 42 7 40 18 44 31 48 35 33 43 34 38 39 37 23 4 5 47 45 15 22 30 20 29 28 19 49 8 9 32 11 27 26 25 46 13 12 51 )
Iteration 123000:
	11235 (1 6 41 16 2 17 21 0 36 24 10 50 3 14 42 40 7 18 44 31 48 35 34 43 33 38 39 37 23 4 5 47 45 15 22 30 20 29 28 19 49 8 9 32 11 27 26 25 46 13 12 51 )
Iteration 124000:
	11235 (1 6 41 16 2 17 21 0 36 24 10 50 3 14 42 7 40 18 44 31 48 35 33 43 34 38 39 37 23 4 5 47 45 15 22 30 20 29 28 19 49 8 9 32 11 27 26 25 46 13 12 51 )
Iteration 125000:
	11235 (1 6 41 16 2 17 21 0 36 24 10 50 3 14 42 7 40 18 44 31 48 35 33 43 34 38 39 37 23 5 4 47 45 15 22 30 20 29 28 19 49 8 9 32 11 27 26 25 46 13 12 51 )
Iteration 126000:
	11235 (1 6 41 16 2 17 21 0 36 24 10 50 3 14 42 40 7 18 44 31 48 35 34 43 33 38 39 37 23 4 5 47 45 15 22 30 20 29 28 19 49 8 9 32 11 27 26 25 46 13 12 51 )
Iteration 127000:
	11235 (1 6 41 16 2 17 21 0 36 24 10 50 3 14 42 7 40 18 44 31 48 35 33 43 34 38 39 37 23 4 5 47 45 15 22 30 20 29 28 19 49 8 9 32 11 27 26 25 46 13 12 51 )
Iteration 128000:
	11215 (1 6 41 16 2 17 21 0 36 24 10 50 3 5 42 40 7 18 44 31 48 34 35 43 33 38 39 37 23 14 4 47 45 15 22 30 20 29 28 19 49 8 9 32 11 27 26 25 46 13 12 51 )
Iteration 129000:
	11215 (1 6 41 16 2 17 21 0 36 24 10 50 3 5 42 40 7 18 44 31 48 34 35 43 33 38 39 37 23 14 4 47 45 15 22 30 20 29 28 19 49 8 9 32 11 27 26 25 46 13 12 51 )
Iteration 130000:
	11215 (1 6 41 16 2 17 21 0 36 24 10 50 3 5 42 40 7 18 44 31 48 34 35 43 33 38 39 37 23 14 4 47 45 15 22 30 20 29 28 19 49 8 9 32 11 27 26 25 46 13 12 51 )
Iteration 131000:
	11215 (1 6 41 16 2 17 21 0 36 24 10 50 3 5 42 40 7 18 44 31 48 34 35 43 33 38 39 37 23 14 4 47 45 15 22 30 20 29 28 19 49 8 9 32 11 27 26 25 46 13 12 51 )
Iteration 132000:
	11215 (1 6 41 16 2 17 21 0 36 24 10 50 3 5 42 40 7 18 44 31 48 34 35 43 33 38 39 37 23 14 4 47 45 15 22 30 20 29 28 19 49 8 9 32 11 27 26 25 46 13 12 51 )
Iteration 133000:
	11215 (1 6 41 16 2 17 21 0 36 24 10 50 3 5 42 40 7 18 44 31 48 34 35 33 43 38 39 37 23 14 4 47 45 15 22 30 20 29 28 19 49 8 9 32 11 27 26 25 46 13 12 51 )
Iteration 134000:
	11215 (1 6 41 16 2 17 21 0 36 24 10 50 3 5 42 40 7 18 44 31 48 34 35 33 43 38 39 37 23 14 4 47 45 15 22 30 20 29 28 19 49 8 9 32 11 27 26 25 46 13 12 51 )
Iteration 135000:
	11215 (1 6 41 16 2 17 21 0 36 24 10 50 3 5 42 40 7 18 44 31 48 34 35 43 33 38 39 37 23 14 4 47 45 15 22 30 20 29 28 19 49 8 9 32 11 27 26 25 46 13 12 51 )
Iteration 136000:
	11215 (1 6 41 16 2 17 21 0 36 24 10 50 3 5 42 40 7 18 44 31 48 34 35 43 33 38 39 37 23 14 4 47 45 15 22 30 20 29 28 19 49 8 9 32 11 27 26 25 46 13 12 51 )
Iteration 137000:
	11215 (1 6 41 16 2 17 21 0 36 24 10 50 3 5 42 40 7 18 44 31 48 34 35 43 33 38 39 37 23 14 4 47 45 15 22 30 20 29 28 19 49 8 9 32 11 27 26 25 46 13 12 51 )
Iteration 138000:
	11215 (1 6 41 16 2 17 21 0 36 24 10 50 3 5 42 40 7 18 44 31 48 34 35 33 43 38 39 37 23 14 4 47 45 15 22 30 20 29 28 19 49 8 9 32 11 27 26 25 46 13 12 51 )
Iteration 139000:
	11215 (1 6 41 16 2 17 21 0 36 24 10 50 3 5 42 40 7 18 44 31 48 34 35 33 43 38 39 37 23 14 4 47 45 15 22 30 20 29 28 19 49 8 9 32 11 27 26 25 46 13 12 51 )
Iteration 140000:
	11215 (1 6 41 16 2 17 21 0 36 24 10 50 3 5 42 40 7 18 44 31 48 34 35 43 33 38 39 37 23 14 4 47 45 15 22 30 20 29 28 19 49 8 9 32 11 27 26 25 46 13 12 51 )
Iteration 141000:
	11215 (1 6 41 16 2 17 21 0 36 24 10 50 3 5 42 40 7 18 44 31 48 34 35 43 33 38 39 37 23 14 4 47 45 15 22 30 20 29 28 19 49 8 9 32 11 27 26 25 46 13 12 51 )
Iteration 142000:
	11215 (1 6 41 16 2 17 21 0 36 24 10 50 3 5 42 40 7 18 44 31 48 34 35 43 33 38 39 37 23 14 4 47 45 15 22 30 20 29 28 19 49 8 9 32 11 27 26 25 46 13 12 51 )
Iteration 143000:
	11215 (1 6 41 16 2 17 21 0 36 24 10 50 3 5 42 40 7 18 44 31 48 34 35 43 33 38 39 37 23 14 4 47 45 15 22 30 20 29 28 19 49 8 9 32 11 27 26 25 46 13 12 51 )
Iteration 144000:
	11215 (1 6 41 16 2 17 21 0 36 24 10 50 3 5 42 40 7 18 44 31 48 34 35 33 43 38 39 37 23 14 4 47 45 15 22 30 20 29 28 19 49 8 9 32 11 27 26 25 46 13 12 51 )
Iteration 145000:
	11215 (1 6 41 16 2 17 21 0 36 24 10 50 3 5 42 40 7 18 44 31 48 34 35 43 33 38 39 37 23 14 4 47 45 15 22 30 20 29 28 19 49 8 9 32 11 27 26 25 46 13 12 51 )
Iteration 146000:
	11215 (1 6 41 16 2 17 21 0 36 24 10 50 3 5 42 40 7 18 44 31 48 34 35 43 33 38 39 37 23 14 4 47 45 15 22 30 20 29 28 19 49 8 9 32 11 27 26 25 46 13 12 51 )
Iteration 147000:
	11215 (1 6 41 16 2 17 21 0 36 24 10 50 3 5 42 40 7 18 44 31 48 34 35 43 33 38 39 37 23 14 4 47 45 15 22 30 20 29 28 19 49 8 9 32 11 27 26 25 46 13 12 51 )
Iteration 148000:
	11215 (1 6 41 16 2 17 21 0 36 24 10 50 3 5 42 40 7 18 44 31 48 34 35 43 33 38 39 37 23 14 4 47 45 15 22 30 20 29 28 19 49 8 9 32 11 27 26 25 46 13 12 51 )
Iteration 149000:
	11215 (1 6 41 16 2 17 21 0 36 24 10 50 3 5 42 40 7 18 44 31 48 34 35 33 43 38 39 37 23 14 4 47 45 15 22 30 20 29 28 19 49 8 9 32 11 27 26 25 46 13 12 51 )
Iteration 150000:
	11215 (1 6 41 16 2 17 21 0 36 24 10 50 3 5 42 40 7 18 44 31 48 34 35 43 33 38 39 37 23 14 4 47 45 15 22 30 20 29 28 19 49 8 9 32 11 27 26 25 46 13 12 51 )
Iteration 151000:
	11215 (1 6 41 16 2 17 21 0 36 24 10 50 3 5 42 40 7 18 44 31 48 34 35 33 43 38 39 37 23 14 4 47 45 15 22 30 20 29 28 19 49 8 9 32 11 27 26 25 46 13 12 51 )
Iteration 152000:
	11215 (1 6 41 16 2 17 21 0 36 24 10 50 3 5 42 40 7 18 44 31 48 34 35 33 43 38 39 37 23 14 4 47 45 15 22 30 20 29 28 19 49 8 9 32 11 27 26 25 46 13 12 51 )
Iteration 153000:
	11215 (1 6 41 16 2 17 21 0 36 24 10 50 3 5 42 40 7 18 44 31 48 34 43 33 35 38 39 37 23 14 4 47 45 15 22 30 20 29 28 19 49 8 9 32 11 27 26 25 46 13 12 51 )
Iteration 154000:
	11215 (1 6 41 16 2 17 21 0 36 24 10 50 3 5 42 40 7 18 44 31 48 34 35 43 33 38 39 37 23 14 4 47 45 15 22 30 20 29 28 19 49 8 9 32 11 27 26 25 46 13 12 51 )
Iteration 155000:
	11215 (1 6 41 16 2 17 21 0 36 24 10 50 3 5 42 40 7 18 44 31 48 34 35 43 33 38 39 37 23 14 4 47 45 15 22 30 20 29 28 19 49 8 9 32 11 27 26 25 46 13 12 51 )
Iteration 156000:
	11215 (1 6 41 16 2 17 21 0 36 24 10 50 3 5 42 40 7 18 44 31 48 34 35 43 33 38 39 37 23 14 4 47 45 15 22 30 20 29 28 19 49 8 9 32 11 27 26 25 46 13 12 51 )
Iteration 157000:
	11215 (1 6 41 16 2 17 21 0 36 24 10 50 3 5 42 40 7 18 44 31 48 34 35 33 43 38 39 37 23 14 4 47 45 15 22 30 20 29 28 19 49 8 9 32 11 27 26 25 46 13 12 51 )
Iteration 158000:
	11215 (1 6 41 16 2 17 21 0 36 24 10 50 3 5 42 40 7 18 44 31 48 34 35 33 43 38 39 37 23 14 4 47 45 15 22 30 20 29 28 19 49 8 9 32 11 27 26 25 46 13 12 51 )
Iteration 159000:
	11185 (1 6 41 16 2 17 21 0 36 24 10 50 3 5 42 7 40 18 44 31 48 34 43 33 35 38 39 37 23 14 4 47 45 15 22 30 20 29 28 19 49 8 9 32 11 27 26 25 46 13 12 51 )
Iteration 160000:
	11185 (1 6 41 16 2 17 21 0 36 24 10 50 3 5 42 7 40 18 44 31 48 34 43 33 35 38 39 37 23 14 4 47 45 15 22 30 20 29 28 19 49 8 9 32 11 27 26 25 46 13 12 51 )
Iteration 161000:
	11185 (1 6 41 16 2 17 21 0 36 24 10 50 3 5 42 7 40 18 44 31 48 34 43 33 35 38 39 37 23 14 4 47 45 15 22 30 20 29 28 19 49 8 9 32 11 27 26 25 46 13 12 51 )
Iteration 162000:
	11185 (1 6 41 16 2 17 21 0 36 24 10 50 3 5 42 7 40 18 44 31 48 34 43 33 35 38 39 37 23 14 4 47 45 15 22 30 20 29 28 19 49 8 9 32 11 27 26 25 46 13 12 51 )
Iteration 163000:
	11185 (1 6 41 16 2 17 21 0 36 24 10 50 3 5 42 7 40 18 44 31 48 34 43 33 35 38 39 37 23 14 4 47 45 15 22 30 20 29 28 19 49 8 9 32 11 27 26 25 46 13 12 51 )
Iteration 164000:
	11185 (1 6 41 16 2 17 21 0 36 24 10 50 3 5 42 7 40 18 44 31 48 34 43 33 35 38 39 37 23 14 4 47 45 15 22 30 20 29 28 19 49 8 9 32 11 27 26 25 46 13 12 51 )
Iteration 165000:
	11185 (1 6 41 16 2 17 21 0 36 24 10 50 3 5 42 7 40 18 44 31 48 34 43 33 35 38 39 37 23 14 4 47 45 15 22 30 20 29 28 19 49 8 9 32 11 27 26 25 46 13 12 51 )
Iteration 166000:
	11185 (1 6 41 16 2 17 21 0 36 24 10 50 3 5 42 7 40 18 44 31 48 34 43 33 35 38 39 37 23 14 4 47 45 15 22 30 20 29 28 19 49 8 9 32 11 27 26 25 46 13 12 51 )
Iteration 167000:
	11185 (1 6 41 16 2 17 21 0 36 24 10 50 3 5 42 7 40 18 44 31 48 34 43 33 35 38 39 37 23 14 4 47 45 15 22 30 20 29 28 19 49 8 9 32 11 27 26 25 46 13 12 51 )
Iteration 168000:
	11185 (1 6 41 16 2 17 21 0 36 24 10 50 3 5 42 7 40 18 44 31 48 34 43 33 35 38 39 37 23 14 4 47 45 15 22 30 20 29 28 19 49 8 9 32 11 27 26 25 46 13 12 51 )
Iteration 169000:
	11185 (1 6 41 16 2 17 21 0 36 24 10 50 3 5 42 7 40 18 44 31 48 34 43 33 35 38 39 37 23 14 4 47 45 15 22 30 20 29 28 19 49 8 9 32 11 27 26 25 46 13 12 51 )
Iteration 170000:
	11185 (1 6 41 16 2 17 21 0 36 24 10 50 3 5 42 7 40 18 44 31 48 34 43 33 35 38 39 37 23 14 4 47 45 15 22 30 20 29 28 19 49 8 9 32 11 27 26 25 46 13 12 51 )
Iteration 171000:
	11185 (1 6 41 16 2 17 21 0 36 24 10 50 3 5 42 7 40 18 44 31 48 34 43 33 35 38 39 37 23 14 4 47 45 15 22 30 20 29 28 19 49 8 9 32 11 27 26 25 46 13 12 51 )
Iteration 172000:
	11185 (1 6 41 16 2 17 21 0 36 24 10 50 3 5 42 7 40 18 44 31 48 34 43 33 35 38 39 37 23 14 4 47 45 15 22 30 20 29 28 19 49 8 9 32 11 27 26 25 46 13 12 51 )
Iteration 173000:
	11185 (1 6 41 16 2 17 21 0 36 24 10 50 3 5 42 7 40 18 44 31 48 34 43 33 35 38 39 37 23 14 4 47 45 15 22 30 20 29 28 19 49 8 9 32 11 27 26 25 46 13 12 51 )
Iteration 174000:
	11185 (1 6 41 16 2 17 21 0 36 24 10 50 3 5 42 7 40 18 44 31 48 34 43 33 35 38 39 37 23 14 4 47 45 15 22 30 20 29 28 19 49 8 9 32 11 27 26 25 46 13 12 51 )
Iteration 175000:
	11185 (1 6 41 16 2 17 21 0 36 24 10 50 3 5 42 7 40 18 44 31 48 34 43 33 35 38 39 37 23 14 4 47 45 15 22 30 20 29 28 19 49 8 9 32 11 27 26 25 46 13 12 51 )
Iteration 176000:
	11185 (1 6 41 16 2 17 21 0 36 24 10 50 3 5 42 7 40 18 44 31 48 34 43 33 35 38 39 37 23 14 4 47 45 15 22 30 20 29 28 19 49 8 9 32 11 27 26 25 46 13 12 51 )
Iteration 177000:
	11185 (1 6 41 16 2 17 21 0 36 24 10 50 3 5 42 7 40 18 44 31 48 34 43 33 35 38 39 37 23 14 4 47 45 15 22 30 20 29 28 19 49 8 9 32 11 27 26 25 46 13 12 51 )
Iteration 178000:
	11155 (1 6 41 16 2 17 21 0 36 24 10 50 3 14 42 7 40 18 44 31 48 35 33 43 34 38 39 37 4 5 23 47 45 15 22 30 20 29 28 49 19 8 9 32 11 27 26 25 46 13 12 51 )
Iteration 179000:
	11155 (1 6 41 16 2 17 21 0 36 24 10 50 3 14 42 7 40 18 44 31 48 35 33 43 34 38 39 37 4 5 23 47 45 15 22 30 20 29 28 49 19 8 9 32 11 27 26 25 46 13 12 51 )
Iteration 180000:
	11155 (1 6 41 16 2 17 21 0 36 24 10 50 3 14 42 40 7 18 44 31 48 35 34 43 33 38 39 37 5 4 23 47 45 15 22 30 20 29 28 49 19 8 9 32 11 27 26 25 46 13 12 51 )
Iteration 181000:
	11155 (1 6 41 16 2 17 21 0 36 24 10 50 3 14 42 7 40 18 44 31 48 35 33 43 34 38 39 37 5 4 23 47 45 15 22 30 20 29 28 49 19 8 9 32 11 27 26 25 46 13 12 51 )
Iteration 182000:
	11105 (1 6 41 16 2 17 21 0 36 24 10 50 3 5 42 7 40 18 44 31 48 34 43 33 35 38 39 37 4 14 23 47 45 15 22 30 20 29 28 49 19 8 9 32 11 27 26 25 46 13 12 51 )
Iteration 183000:
	11105 (1 6 41 16 2 17 21 0 36 24 10 50 3 5 42 7 40 18 44 31 48 34 43 33 35 38 39 37 4 14 23 47 45 15 22 30 20 29 28 49 19 8 9 32 11 27 26 25 46 13 12 51 )
Iteration 184000:
	11105 (1 6 41 16 2 17 21 0 36 24 10 50 3 5 42 7 40 18 44 31 48 34 43 33 35 38 39 37 4 14 23 47 45 15 22 30 20 29 28 49 19 8 9 32 11 27 26 25 46 13 12 51 )
Iteration 185000:
	11105 (1 6 41 16 2 17 21 0 36 24 10 50 3 5 42 7 40 18 44 31 48 34 43 33 35 38 39 37 4 14 23 47 45 15 22 30 20 29 28 49 19 8 9 32 11 27 26 25 46 13 12 51 )
Iteration 186000:
	11105 (1 6 41 16 2 17 21 0 36 24 10 50 3 5 42 7 40 18 44 31 48 34 43 33 35 38 39 37 4 14 23 47 45 15 22 30 20 29 28 49 19 8 9 32 11 27 26 25 46 13 12 51 )
Iteration 187000:
	11105 (1 6 41 16 2 17 21 0 36 24 10 50 3 5 42 7 40 18 44 31 48 34 43 33 35 38 39 37 4 14 23 47 45 15 22 30 20 29 28 49 19 8 9 32 11 27 26 25 46 13 12 51 )
Iteration 188000:
	11105 (1 6 41 16 2 17 21 0 36 24 10 50 3 5 42 7 40 18 44 31 48 34 43 33 35 38 39 37 4 14 23 47 45 15 22 30 20 29 28 49 19 8 9 32 11 27 26 25 46 13 12 51 )
Iteration 189000:
	11105 (1 6 41 16 2 17 21 0 36 24 10 50 3 5 42 7 40 18 44 31 48 34 43 33 35 38 39 37 4 14 23 47 45 15 22 30 20 29 28 49 19 8 9 32 11 27 26 25 46 13 12 51 )
Iteration 190000:
	11105 (1 6 41 16 2 17 21 0 36 24 10 50 3 5 42 7 40 18 44 31 48 34 43 33 35 38 39 37 4 14 23 47 45 15 22 30 20 29 28 49 19 8 9 32 11 27 26 25 46 13 12 51 )
Iteration 191000:
	11105 (1 6 41 16 2 17 21 0 36 24 10 50 3 5 42 7 40 18 44 31 48 34 43 33 35 38 39 37 4 14 23 47 45 15 22 30 20 29 28 49 19 8 9 32 11 27 26 25 46 13 12 51 )
Iteration 192000:
	11105 (1 6 41 16 2 17 21 0 36 24 10 50 3 5 42 7 40 18 44 31 48 34 43 33 35 38 39 37 4 14 23 47 45 15 22 30 20 29 28 49 19 8 9 32 11 27 26 25 46 13 12 51 )
Iteration 193000:
	11105 (1 6 41 16 2 17 21 0 36 24 10 50 3 5 42 7 40 18 44 31 48 34 43 33 35 38 39 37 4 14 23 47 45 15 22 30 20 29 28 49 19 8 9 32 11 27 26 25 46 13 12 51 )
Iteration 194000:
	11105 (1 6 41 16 2 17 21 0 36 24 10 50 3 5 42 7 40 18 44 31 48 34 43 33 35 38 39 37 4 14 23 47 45 15 22 30 20 29 28 49 19 8 9 32 11 27 26 25 46 13 12 51 )
Iteration 195000:
	11105 (1 6 41 16 2 17 21 0 36 24 10 50 3 5 42 7 40 18 44 31 48 34 43 33 35 38 39 37 4 14 23 47 45 15 22 30 20 29 28 49 19 8 9 32 11 27 26 25 46 13 12 51 )
Iteration 196000:
	11105 (1 6 41 16 2 17 21 0 36 24 10 50 3 5 42 7 40 18 44 31 48 34 43 33 35 38 39 37 4 14 23 47 45 15 22 30 20 29 28 49 19 8 9 32 11 27 26 25 46 13 12 51 )
Iteration 197000:
	11105 (1 6 41 16 2 17 21 0 36 24 10 50 3 5 42 7 40 18 44 31 48 34 43 33 35 38 39 37 4 14 23 47 45 15 22 30 20 29 28 49 19 8 9 32 11 27 26 25 46 13 12 51 )
Iteration 198000:
	11105 (1 6 41 16 2 17 21 0 36 24 10 50 3 5 42 7 40 18 44 31 48 34 43 33 35 38 39 37 4 14 23 47 45 15 22 30 20 29 28 49 19 8 9 32 11 27 26 25 46 13 12 51 )
Iteration 199000:
	11105 (1 6 41 16 2 17 21 0 36 24 10 50 3 5 42 7 40 18 44 31 48 34 43 33 35 38 39 37 4 14 23 47 45 15 22 30 20 29 28 49 19 8 9 32 11 27 26 25 46 13 12 51 )
Iteration 200000:
	11105 (1 6 41 16 2 17 21 0 36 24 10 50 3 5 42 7 40 18 44 31 48 34 43 33 35 38 39 37 4 14 23 47 45 15 22 30 20 29 28 49 19 8 9 32 11 27 26 25 46 13 12 51 )
Iteration 201000:
	11105 (1 6 41 16 2 17 21 0 36 24 10 50 3 5 42 7 40 18 44 31 48 34 43 33 35 38 39 37 4 14 23 47 45 15 22 30 20 29 28 49 19 8 9 32 11 27 26 25 46 13 12 51 )
Iteration 202000:
	11105 (1 6 41 16 2 17 21 0 36 24 10 50 3 5 42 7 40 18 44 31 48 34 43 33 35 38 39 37 4 14 23 47 45 15 22 30 20 29 28 49 19 8 9 32 11 27 26 25 46 13 12 51 )
Iteration 203000:
	11105 (1 6 41 16 2 17 21 0 36 24 10 50 3 5 42 7 40 18 44 31 48 34 43 33 35 38 39 37 4 14 23 47 45 15 22 30 20 29 28 49 19 8 9 32 11 27 26 25 46 13 12 51 )
Iteration 204000:
	11105 (1 6 41 16 2 17 21 0 36 24 10 50 3 5 42 7 40 18 44 31 48 34 43 33 35 38 39 37 4 14 23 47 45 15 22 30 20 29 28 49 19 8 9 32 11 27 26 25 46 13 12 51 )
Iteration 205000:
	11105 (1 6 41 16 2 17 21 0 36 24 10 50 3 5 42 7 40 18 44 31 48 34 43 33 35 38 39 37 4 14 23 47 45 15 22 30 20 29 28 49 19 8 9 32 11 27 26 25 46 13 12 51 )
Iteration 206000:
	11105 (1 6 41 16 2 17 21 0 36 24 10 50 3 5 42 7 40 18 44 31 48 34 43 33 35 38 39 37 4 14 23 47 45 15 22 30 20 29 28 49 19 8 9 32 11 27 26 25 46 13 12 51 )
Iteration 207000:
	11105 (1 6 41 16 2 17 21 0 36 24 10 50 3 5 42 7 40 18 44 31 48 34 43 33 35 38 39 37 4 14 23 47 45 15 22 30 20 29 28 49 19 8 9 32 11 27 26 25 46 13 12 51 )
Iteration 208000:
	11105 (1 6 41 16 2 17 21 0 36 24 10 50 3 5 42 7 40 18 44 31 48 34 43 33 35 38 39 37 4 14 23 47 45 15 22 30 20 29 28 49 19 8 9 32 11 27 26 25 46 13 12 51 )
Iteration 209000:
	11105 (1 6 41 16 2 17 21 0 36 24 10 50 3 5 42 7 40 18 44 31 48 34 43 33 35 38 39 37 4 14 23 47 45 15 22 30 20 29 28 49 19 8 9 32 11 27 26 25 46 13 12 51 )
Iteration 210000:
	11105 (1 6 41 16 2 17 21 0 36 24 10 50 3 5 42 7 40 18 44 31 48 34 43 33 35 38 39 37 4 14 23 47 45 15 22 30 20 29 28 49 19 8 9 32 11 27 26 25 46 13 12 51 )
Iteration 211000:
	11105 (1 6 41 16 2 17 21 0 36 24 10 50 3 5 42 7 40 18 44 31 48 34 43 33 35 38 39 37 4 14 23 47 45 15 22 30 20 29 28 49 19 8 9 32 11 27 26 25 46 13 12 51 )
Iteration 212000:
	11105 (1 6 41 16 2 17 21 0 36 24 10 50 3 5 42 7 40 18 44 31 48 34 43 33 35 38 39 37 4 14 23 47 45 15 22 30 20 29 28 49 19 8 9 32 11 27 26 25 46 13 12 51 )
Iteration 213000:
	11105 (1 6 41 16 2 17 21 0 36 24 10 50 3 5 42 7 40 18 44 31 48 34 43 33 35 38 39 37 4 14 23 47 45 15 22 30 20 29 28 49 19 8 9 32 11 27 26 25 46 13 12 51 )
Iteration 214000:
	11105 (1 6 41 16 2 17 21 0 36 24 10 50 3 5 42 7 40 18 44 31 48 34 43 33 35 38 39 37 4 14 23 47 45 15 22 30 20 29 28 49 19 8 9 32 11 27 26 25 46 13 12 51 )
Iteration 215000:
	11105 (1 6 41 16 2 17 21 0 36 24 10 50 3 5 42 7 40 18 44 31 48 34 43 33 35 38 39 37 4 14 23 47 45 15 22 30 20 29 28 49 19 8 9 32 11 27 26 25 46 13 12 51 )
Iteration 216000:
	11105 (1 6 41 16 2 17 21 0 36 24 10 50 3 5 42 7 40 18 44 31 48 34 43 33 35 38 39 37 4 14 23 47 45 15 22 30 20 29 28 49 19 8 9 32 11 27 26 25 46 13 12 51 )
Iteration 217000:
	11105 (1 6 41 16 2 17 21 0 36 24 10 50 3 5 42 7 40 18 44 31 48 34 43 33 35 38 39 37 4 14 23 47 45 15 22 30 20 29 28 49 19 8 9 32 11 27 26 25 46 13 12 51 )
Iteration 218000:
	11105 (1 6 41 16 2 17 21 0 36 24 10 50 3 5 42 7 40 18 44 31 48 34 43 33 35 38 39 37 4 14 23 47 45 15 22 30 20 29 28 49 19 8 9 32 11 27 26 25 46 13 12 51 )
Iteration 219000:
	11105 (1 6 41 16 2 17 21 0 36 24 10 50 3 5 42 7 40 18 44 31 48 34 43 33 35 38 39 37 4 14 23 47 45 15 22 30 20 29 28 49 19 8 9 32 11 27 26 25 46 13 12 51 )
Iteration 220000:
	11105 (1 6 41 16 2 17 21 0 36 24 10 50 3 5 42 7 40 18 44 31 48 34 43 33 35 38 39 37 4 14 23 47 45 15 22 30 20 29 28 49 19 8 9 32 11 27 26 25 46 13 12 51 )
Iteration 221000:
	11105 (1 6 41 16 2 17 21 0 36 24 10 50 3 5 42 7 40 18 44 31 48 34 43 33 35 38 39 37 4 14 23 47 45 15 22 30 20 29 28 49 19 8 9 32 11 27 26 25 46 13 12 51 )
Iteration 222000:
	11105 (1 6 41 16 2 17 21 0 36 24 10 50 3 5 42 7 40 18 44 31 48 34 43 33 35 38 39 37 4 14 23 47 45 15 22 30 20 29 28 49 19 8 9 32 11 27 26 25 46 13 12 51 )
Iteration 223000:
	11105 (1 6 41 16 2 17 21 0 36 24 10 50 3 5 42 7 40 18 44 31 48 34 43 33 35 38 39 37 4 14 23 47 45 15 22 30 20 29 28 49 19 8 9 32 11 27 26 25 46 13 12 51 )
Iteration 224000:
	11105 (1 6 41 16 2 17 21 0 36 24 10 50 3 5 42 7 40 18 44 31 48 34 43 33 35 38 39 37 4 14 23 47 45 15 22 30 20 29 28 49 19 8 9 32 11 27 26 25 46 13 12 51 )
Iteration 225000:
	11105 (1 6 41 16 2 17 21 0 36 24 10 50 3 5 42 7 40 18 44 31 48 34 43 33 35 38 39 37 4 14 23 47 45 15 22 30 20 29 28 49 19 8 9 32 11 27 26 25 46 13 12 51 )
Iteration 226000:
	11105 (1 6 41 16 2 17 21 0 36 24 10 50 3 5 42 7 40 18 44 31 48 34 43 33 35 38 39 37 4 14 23 47 45 15 22 30 20 29 28 49 19 8 9 32 11 27 26 25 46 13 12 51 )
Iteration 227000:
	11105 (1 6 41 16 2 17 21 0 36 24 10 50 3 5 42 7 40 18 44 31 48 34 43 33 35 38 39 37 4 14 23 47 45 15 22 30 20 29 28 49 19 8 9 32 11 27 26 25 46 13 12 51 )
Iteration 228000:
	11105 (1 6 41 16 2 17 21 0 36 24 10 50 3 5 42 7 40 18 44 31 48 34 43 33 35 38 39 37 4 14 23 47 45 15 22 30 20 29 28 49 19 8 9 32 11 27 26 25 46 13 12 51 )
Iteration 229000:
	11105 (1 6 41 16 2 17 21 0 36 24 10 50 3 5 42 7 40 18 44 31 48 34 43 33 35 38 39 37 4 14 23 47 45 15 22 30 20 29 28 49 19 8 9 32 11 27 26 25 46 13 12 51 )
Iteration 230000:
	11105 (1 6 41 16 2 17 21 0 36 24 10 50 3 5 42 7 40 18 44 31 48 34 43 33 35 38 39 37 4 14 23 47 45 15 22 30 20 29 28 49 19 8 9 32 11 27 26 25 46 13 12 51 )
Iteration 231000:
	11105 (1 6 41 16 2 17 21 0 36 24 10 50 3 5 42 7 40 18 44 31 48 34 43 33 35 38 39 37 4 14 23 47 45 15 22 30 20 29 28 49 19 8 9 32 11 27 26 25 46 13 12 51 )
Iteration 232000:
	11105 (1 6 41 16 2 17 21 0 36 24 10 50 3 5 42 7 40 18 44 31 48 34 43 33 35 38 39 37 4 14 23 47 45 15 22 30 20 29 28 49 19 8 9 32 11 27 26 25 46 13 12 51 )
Iteration 233000:
	11105 (1 6 41 16 2 17 21 0 36 24 10 50 3 5 42 7 40 18 44 31 48 34 43 33 35 38 39 37 4 14 23 47 45 15 22 30 20 29 28 49 19 8 9 32 11 27 26 25 46 13 12 51 )
Iteration 234000:
	11105 (1 6 41 16 2 17 21 0 36 24 10 50 3 5 42 7 40 18 44 31 48 34 43 33 35 38 39 37 4 14 23 47 45 15 22 30 20 29 28 49 19 8 9 32 11 27 26 25 46 13 12 51 )
Iteration 235000:
	11105 (1 6 41 16 2 17 21 0 36 24 10 50 3 5 42 7 40 18 44 31 48 34 43 33 35 38 39 37 4 14 23 47 45 15 22 30 20 29 28 49 19 8 9 32 11 27 26 25 46 13 12 51 )
Iteration 236000:
	11105 (1 6 41 16 2 17 21 0 36 24 10 50 3 5 42 7 40 18 44 31 48 34 43 33 35 38 39 37 4 14 23 47 45 15 22 30 20 29 28 49 19 8 9 32 11 27 26 25 46 13 12 51 )
Iteration 237000:
	11105 (1 6 41 16 2 17 21 0 36 24 10 50 3 5 42 7 40 18 44 31 48 34 43 33 35 38 39 37 4 14 23 47 45 15 22 30 20 29 28 49 19 8 9 32 11 27 26 25 46 13 12 51 )
Iteration 238000:
	11105 (1 6 41 16 2 17 21 0 36 24 10 50 3 5 42 7 40 18 44 31 48 34 43 33 35 38 39 37 4 14 23 47 45 15 22 30 20 29 28 49 19 8 9 32 11 27 26 25 46 13 12 51 )
Iteration 239000:
	11105 (1 6 41 16 2 17 21 0 36 24 10 50 3 5 42 7 40 18 44 31 48 34 43 33 35 38 39 37 4 14 23 47 45 15 22 30 20 29 28 49 19 8 9 32 11 27 26 25 46 13 12 51 )
Iteration 240000:
	11105 (1 6 41 16 2 17 21 0 36 24 10 50 3 5 42 7 40 18 44 31 48 34 43 33 35 38 39 37 4 14 23 47 45 15 22 30 20 29 28 49 19 8 9 32 11 27 26 25 46 13 12 51 )
Iteration 241000:
	11105 (1 6 41 16 2 17 21 0 36 24 10 50 3 5 42 7 40 18 44 31 48 34 43 33 35 38 39 37 14 4 23 47 45 15 22 30 20 29 28 49 19 8 9 32 11 27 26 25 46 13 12 51 )
Iteration 242000:
	11105 (1 6 41 16 2 17 21 0 36 24 10 50 3 5 42 7 40 18 44 31 48 34 43 33 35 38 39 37 14 4 23 47 45 15 22 30 20 29 28 49 19 8 9 32 11 27 26 25 46 13 12 51 )
Iteration 243000:
	11105 (1 6 41 16 2 17 21 0 36 24 10 50 3 5 42 7 40 18 44 31 48 34 43 33 35 38 39 37 4 14 23 47 45 15 22 30 20 29 28 49 19 8 9 32 11 27 26 25 46 13 12 51 )
Iteration 244000:
	11105 (1 6 41 16 2 17 21 0 36 24 10 50 3 5 42 7 40 18 44 31 48 34 43 33 35 38 39 37 14 4 23 47 45 15 22 30 20 29 28 49 19 8 9 32 11 27 26 25 46 13 12 51 )
Iteration 245000:
	11105 (1 6 41 16 2 17 21 0 36 24 10 50 3 5 42 7 40 18 44 31 48 34 43 33 35 38 39 37 14 4 23 47 45 15 22 30 20 29 28 49 19 8 9 32 11 27 26 25 46 13 12 51 )
Iteration 246000:
	11105 (1 6 41 16 2 17 21 0 36 24 10 50 3 5 42 7 40 18 44 31 48 34 43 33 35 38 39 37 4 14 23 47 45 15 22 30 20 29 28 49 19 8 9 32 11 27 26 25 46 13 12 51 )
Iteration 247000:
	11105 (1 6 41 16 2 17 21 0 36 24 10 50 3 5 42 7 40 18 44 31 48 34 43 33 35 38 39 37 14 4 23 47 45 15 22 30 20 29 28 49 19 8 9 32 11 27 26 25 46 13 12 51 )
Iteration 248000:
	11105 (1 6 41 16 2 17 21 0 36 24 10 50 3 5 42 7 40 18 44 31 48 34 43 33 35 38 39 37 4 14 23 47 45 15 22 30 20 29 28 49 19 8 9 32 11 27 26 25 46 13 12 51 )
Iteration 249000:
	11105 (1 6 41 16 2 17 21 0 36 24 10 50 3 5 42 7 40 18 44 31 48 34 43 33 35 38 39 37 14 4 23 47 45 15 22 30 20 29 28 49 19 8 9 32 11 27 26 25 46 13 12 51 )
Iteration 250000:
	11105 (1 6 41 16 2 17 21 0 36 24 10 50 3 5 42 7 40 18 44 31 48 34 43 33 35 38 39 37 14 4 23 47 45 15 22 30 20 29 28 49 19 8 9 32 11 27 26 25 46 13 12 51 )
Iteration 251000:
	11105 (1 6 41 16 2 17 21 0 36 24 10 50 3 5 42 7 40 18 44 31 48 34 43 33 35 38 39 37 4 14 23 47 45 15 22 30 20 29 28 49 19 8 9 32 11 27 26 25 46 13 12 51 )
Iteration 252000:
	11105 (1 6 41 16 2 17 21 0 36 24 10 50 3 5 42 7 40 18 44 31 48 34 43 33 35 38 39 37 4 14 23 47 45 15 22 30 20 29 28 49 19 8 9 32 11 27 26 25 46 13 12 51 )
Iteration 253000:
	11105 (1 6 41 16 2 17 21 0 36 24 10 50 3 5 42 7 40 18 44 31 48 34 43 33 35 38 39 37 14 4 23 47 45 15 22 30 20 29 28 49 19 8 9 32 11 27 26 25 46 13 12 51 )
Iteration 254000:
	11105 (1 6 41 16 2 17 21 0 36 24 10 50 3 5 42 7 40 18 44 31 48 34 43 33 35 38 39 37 4 14 23 47 45 15 22 30 20 29 28 49 19 8 9 32 11 27 26 25 46 13 12 51 )
Iteration 255000:
	11105 (1 6 41 16 2 17 21 0 36 24 10 50 3 5 42 7 40 18 44 31 48 34 43 33 35 38 39 37 14 4 23 47 45 15 22 30 20 29 28 49 19 8 9 32 11 27 26 25 46 13 12 51 )
Iteration 256000:
	11105 (1 6 41 16 2 17 21 0 36 24 10 50 3 5 42 7 40 18 44 31 48 34 43 33 35 38 39 37 4 14 23 47 45 15 22 30 20 29 28 49 19 8 9 32 11 27 26 25 46 13 12 51 )
Iteration 257000:
	11105 (1 6 41 16 2 17 21 0 36 24 10 50 3 5 42 7 40 18 44 31 48 34 43 33 35 38 39 37 4 14 23 47 45 15 22 30 20 29 28 49 19 8 9 32 11 27 26 25 46 13 12 51 )
Iteration 258000:
	11105 (1 6 41 16 2 17 21 0 36 24 10 50 3 5 42 7 40 18 44 31 48 34 43 33 35 38 39 37 14 4 23 47 45 15 22 30 20 29 28 49 19 8 9 32 11 27 26 25 46 13 12 51 )
